0.010000000,4.769562829,0.007263033,-0.001769800,0.499300995,0.499300807,-0.001770175,-0.500668748,-0.500668561,
0.020000000,4.770238902,0.014524601,-0.003542617,0.498571528,0.498571538,-0.003542597,-0.501306682,-0.501306692,
0.030000000,4.771365754,0.021783235,-0.005315370,0.497809523,0.497809528,-0.005315362,-0.501916494,-0.501916498,
0.040000000,4.772942936,0.029037472,-0.007086977,0.497013086,0.497013118,-0.007086913,-0.502499899,-0.502499930,
0.050000000,4.774970275,0.036285846,-0.008858045,0.496181509,0.496181502,-0.008858058,-0.503057770,-0.503057764,
0.060000000,4.777446986,0.043526910,-0.010627588,0.495313069,0.495313077,-0.010627571,-0.503591813,-0.503591822,
0.070000000,4.780372569,0.050759210,-0.012395786,0.494406823,0.494406823,-0.012395784,-0.504103153,-0.504103154,
0.080000000,4.783746506,0.057981295,-0.014162885,0.493461748,0.493461756,-0.014162869,-0.504592898,-0.504592906,
0.090000000,4.787567600,0.065191748,-0.015928045,0.492476339,0.492476336,-0.015928051,-0.505062743,-0.505062740,
0.100000000,4.791835038,0.072389140,-0.017691488,0.491449557,0.491449554,-0.017691494,-0.505513851,-0.505513848,
0.110000000,4.796547950,0.079572041,-0.019453366,0.490380358,0.490380359,-0.019453366,-0.505947443,-0.505947444,
0.120000000,4.801704801,0.086739074,-0.021213191,0.489267355,0.489267355,-0.021213191,-0.506365108,-0.506365108,
0.130000000,4.807304476,0.093888834,-0.022971211,0.488109512,0.488109511,-0.022971213,-0.506768065,-0.506768065,
0.140000000,4.813345652,0.101019938,-0.024727513,0.486905696,0.486905696,-0.024727515,-0.507157648,-0.507157647,
0.150000000,4.819826547,0.108131035,-0.026481992,0.485654649,0.485654649,-0.026481993,-0.507535324,-0.507535324,
0.160000000,4.826745674,0.115220758,-0.028234923,0.484355290,0.484355290,-0.028234923,-0.507902383,-0.507902383,
0.170000000,4.834105970,0.122286986,-0.029991306,0.483009152,0.483009151,-0.029991306,-0.508257442,-0.508257442,
0.180000000,4.841896655,0.129329822,-0.031741926,0.481609833,0.481609833,-0.031741926,-0.508607233,-0.508607233,
0.190000000,4.850119824,0.136347301,-0.033491602,0.480158649,0.480158649,-0.033491602,-0.508950578,-0.508950578,
0.200000000,4.858772256,0.143338300,-0.035239854,0.478653920,0.478653921,-0.035239851,-0.509289351,-0.509289352,
0.210000000,4.867853749,0.150301185,-0.036988775,0.477095436,0.477095436,-0.036988776,-0.509623932,-0.509623932,
0.220000000,4.877359864,0.157235024,-0.038737275,0.475481042,0.475481042,-0.038737275,-0.509956641,-0.509956641,
0.230000000,4.887289995,0.164138200,-0.040487311,0.473810371,0.473810371,-0.040487311,-0.510287993,-0.510287993,
0.240000000,4.897639544,0.171009804,-0.042238150,0.472081326,0.472081326,-0.042238150,-0.510620196,-0.510620196,
0.250000000,4.908407627,0.177848209,-0.043991759,0.470293449,0.470293449,-0.043991759,-0.510953819,-0.510953819,
0.260000000,4.919589323,0.184652547,-0.045747635,0.468444606,0.468444606,-0.045747636,-0.511291036,-0.511291036,
0.270000000,4.931183412,0.191421184,-0.047507762,0.466534229,0.466534229,-0.047507762,-0.511632477,-0.511632477,
0.280000000,4.943184750,0.198153257,-0.049271936,0.464560174,0.464560174,-0.049271937,-0.511980239,-0.511980238,
0.290000000,4.955591700,0.204847137,-0.051042141,0.462521726,0.462521726,-0.051042141,-0.512335025,-0.512335025,
0.300000000,4.968398865,0.211501950,-0.052818463,0.460416707,0.460416707,-0.052818462,-0.512698867,-0.512698868,
0.310000000,4.981604220,0.218116053,-0.054602938,0.458244264,0.458244264,-0.054602938,-0.513072516,-0.513072516,
0.320000000,4.995202065,0.224688548,-0.056395917,0.456002152,0.456002152,-0.056395917,-0.513457950,-0.513457950,
0.330000000,5.009189070,0.231217973,-0.058199103,0.453689030,0.453689030,-0.058199104,-0.513856257,-0.513856257,
0.340000000,5.023561689,0.237702823,-0.060014250,0.451303499,0.451303499,-0.060014251,-0.514268534,-0.514268534,
0.350000000,5.038313654,0.244142161,-0.061842046,0.448843123,0.448843123,-0.061842045,-0.514696721,-0.514696721,
0.360000000,5.053441796,0.250534257,-0.063684757,0.446306644,0.446306644,-0.063684757,-0.515141654,-0.515141654,
0.370000000,5.068939537,0.256878071,-0.065543372,0.443691538,0.443691538,-0.065543371,-0.515605192,-0.515605192,
0.380000000,5.084802952,0.263171880,-0.067420167,0.440996247,0.440996247,-0.067420166,-0.516088280,-0.516088280,
0.390000000,5.101025182,0.269414489,-0.069316453,0.438218169,0.438218169,-0.069316453,-0.516592665,-0.516592665,
0.400000000,5.117601628,0.275604144,-0.071234594,0.435355465,0.435355465,-0.071234595,-0.517119357,-0.517119357,
0.410000000,5.134524954,0.281739485,-0.073176165,0.432405391,0.432405391,-0.073176164,-0.517670028,-0.517670029,
0.420000000,5.151789852,0.287818706,-0.075143632,0.429365795,0.429365795,-0.075143631,-0.518245738,-0.518245738,
0.430000000,5.169388499,0.293840233,-0.077138849,0.426233796,0.426233796,-0.077138848,-0.518848059,-0.518848059,
0.440000000,5.187314188,0.299802244,-0.079164220,0.423006753,0.423006753,-0.079164220,-0.519478220,-0.519478220,
0.450000000,5.205560012,0.305702796,-0.081222295,0.419681941,0.419681941,-0.081222296,-0.520137392,-0.520137392,
0.460000000,5.224117090,0.311540023,-0.083315245,0.416256107,0.416256107,-0.083315245,-0.520827064,-0.520827064,
0.470000000,5.242977928,0.317311811,-0.085445852,0.412726221,0.412726221,-0.085445852,-0.521548349,-0.521548349,
0.480000000,5.262133019,0.323015957,-0.087616566,0.409088871,0.409088871,-0.087616566,-0.522302574,-0.522302574,
0.490000000,5.281573825,0.328650214,-0.089830291,0.405340562,0.405340562,-0.089830291,-0.523090877,-0.523090877,
0.500000000,5.301289983,0.334211992,-0.092089704,0.401477703,0.401477703,-0.092089704,-0.523914414,-0.523914414,
0.510000000,5.321271730,0.339698873,-0.094397810,0.397496277,0.397496277,-0.094397810,-0.524774334,-0.524774333,
0.520000000,5.341507839,0.345107822,-0.096757517,0.393392530,0.393392530,-0.096757517,-0.525671567,-0.525671567,
0.530000000,5.361987152,0.350436198,-0.099171918,0.389161886,0.389161886,-0.099171918,-0.526607247,-0.526607247,
0.540000000,5.382691909,0.355685699,-0.101642523,0.384792837,0.384792837,-0.101642523,-0.527586118,-0.527586118,
0.550000000,5.403620696,0.360842536,-0.104175906,0.380295767,0.380295767,-0.104175907,-0.528600834,-0.528600834,
0.560000000,5.424754559,0.365908354,-0.106773517,0.375658558,0.375658558,-0.106773516,-0.529656116,-0.529656117,
0.570000000,5.446077768,0.370880283,-0.109438302,0.370874723,0.370874723,-0.109438301,-0.530753338,-0.530753338,
0.580000000,5.467578273,0.375752373,-0.112174102,0.365942193,0.365942193,-0.112174102,-0.531891304,-0.531891304,
0.590000000,5.489237050,0.380522223,-0.114983627,0.360852427,0.360852427,-0.114983628,-0.533071956,-0.533071956,
0.600000000,5.511040610,0.385183310,-0.117870614,0.355603293,0.355603293,-0.117870614,-0.534293670,-0.534293670,
0.610000000,5.532969503,0.389731752,-0.120837990,0.350187406,0.350187406,-0.120837990,-0.535557225,-0.535557225,
0.620000000,5.555004289,0.394162707,-0.123888846,0.344598249,0.344598249,-0.123888845,-0.536862628,-0.536862628,
0.630000000,5.577128156,0.398469192,-0.127026450,0.338832893,0.338832893,-0.127026450,-0.538207862,-0.538207863,
0.640000000,5.599318752,0.402646171,-0.130253551,0.332883850,0.332883850,-0.130253551,-0.539592796,-0.539592796,
0.650000000,5.621553557,0.406687705,-0.133572871,0.326744571,0.326744571,-0.133572871,-0.541016477,-0.541016477,
0.660000000,5.643812636,0.410586002,-0.136987014,0.320412132,0.320412132,-0.136987014,-0.542475983,-0.542475983,
0.670000000,5.666070388,0.414334826,-0.140498157,0.313879359,0.313879359,-0.140498157,-0.543969982,-0.543969982,
0.680000000,5.688302161,0.417926745,-0.144108233,0.307141281,0.307141281,-0.144108233,-0.545495801,-0.545495801,
0.690000000,5.710480555,0.421354537,-0.147818822,0.300191693,0.300191693,-0.147818822,-0.547050930,-0.547050930,
0.700000000,5.732581242,0.424609359,-0.151630973,0.293028700,0.293028700,-0.151630973,-0.548630727,-0.548630728,
0.710000000,5.754574128,0.427683578,-0.155545310,0.285646610,0.285646610,-0.155545310,-0.550231814,-0.550231814,
0.720000000,5.776428757,0.430569000,-0.159561902,0.278041104,0.278041104,-0.159561902,-0.551849900,-0.551849900,
0.730000000,5.798117496,0.433256428,-0.163680025,0.270211795,0.270211795,-0.163680026,-0.553478878,-0.553478878,
0.740000000,5.819607141,0.435737614,-0.167898392,0.262155392,0.262155392,-0.167898392,-0.555113544,-0.555113544,
0.750000000,5.840864331,0.438004045,-0.172214912,0.253870327,0.253870327,-0.172214912,-0.556747796,-0.556747797,
0.760000000,5.861858745,0.440046774,-0.176626510,0.245358926,0.245358926,-0.176626510,-0.558373971,-0.558373971,
0.770000000,5.882554893,0.441857739,-0.181129337,0.236621624,0.236621624,-0.181129337,-0.559985035,-0.559985035,
0.780000000,5.902918738,0.443428948,-0.185718527,0.227661674,0.227661674,-0.185718527,-0.561572947,-0.561572947,
0.790000000,5.922914286,0.444753046,-0.190388257,0.218482905,0.218482905,-0.190388257,-0.563129555,-0.563129555,
0.800000000,5.942509698,0.445823007,-0.195131572,0.209093447,0.209093447,-0.195131572,-0.564645484,-0.564645484,
0.810000000,5.961668562,0.446632991,-0.199940583,0.199500482,0.199500482,-0.199940583,-0.566112009,-0.566112009,
0.820000000,5.980355565,0.447178046,-0.204806338,0.189713656,0.189713655,-0.204806338,-0.567520035,-0.567520035,
0.830000000,5.998539791,0.447454231,-0.209718975,0.179746261,0.179746261,-0.209718976,-0.568859902,-0.568859902,
0.840000000,6.016186717,0.447459123,-0.214667626,0.169611571,0.169611571,-0.214667626,-0.570122699,-0.570122699,
0.850000000,6.033263956,0.447191721,-0.219640584,0.159325297,0.159325297,-0.219640584,-0.571299611,-0.571299611,
0.860000000,6.049743661,0.446652523,-0.224625682,0.148905834,0.148905834,-0.224625682,-0.572381968,-0.572381968,
0.870000000,6.065596091,0.445843872,-0.229609881,0.138372337,0.138372337,-0.229609880,-0.573362032,-0.573362032,
0.880000000,6.080794284,0.444769892,-0.234579739,0.127745831,0.127745831,-0.234579739,-0.574232723,-0.574232723,
0.890000000,6.095315895,0.443436321,-0.239522070,0.117048594,0.117048594,-0.239522070,-0.574987756,-0.574987756,
0.900000000,6.109138290,0.441850957,-0.244423048,0.106304099,0.106304098,-0.244423048,-0.575621993,-0.575621992,
0.910000000,6.122242338,0.440023352,-0.249269096,0.095536683,0.095536683,-0.249269096,-0.576131395,-0.576131395,
0.920000000,6.134612827,0.437964340,-0.254047645,0.084770177,0.084770177,-0.254047646,-0.576513165,-0.576513165,
0.930000000,6.146236191,0.435686746,-0.258745864,0.074029668,0.074029668,-0.258745863,-0.576765738,-0.576765738,
0.940000000,6.157102430,0.433204747,-0.263351740,0.063339934,0.063339934,-0.263351741,-0.576888843,-0.576888843,
0.950000000,6.167204115,0.430533031,-0.267854919,0.052723413,0.052723413,-0.267854919,-0.576883557,-0.576883557,
0.960000000,6.176537315,0.427687979,-0.272245079,0.042203770,0.042203770,-0.272245079,-0.576752074,-0.576752074,
0.970000000,6.185101366,0.424686612,-0.276513150,0.031803238,0.031803238,-0.276513150,-0.576497765,-0.576497765,
0.980000000,6.192895943,0.421545416,-0.280652093,0.021540066,0.021540066,-0.280652093,-0.576125125,-0.576125125,
0.990000000,6.199926193,0.418282242,-0.284654988,0.011433994,0.011433994,-0.284654989,-0.575639457,-0.575639457,
1.000000000,6.206199745,0.414914771,-0.288516336,0.001502497,0.001502497,-0.288516337,-0.575046896,-0.575046896,
1.010000000,6.211721771,0.411459135,-0.292232689,-0.008242012,-0.008242012,-0.292232688,-0.574354259,-0.574354259,
1.020000000,6.216504680,0.407932492,-0.295800711,-0.017785360,-0.017785360,-0.295800711,-0.573568794,-0.573568794,
1.030000000,6.220562691,0.404351263,-0.299218332,-0.027115761,-0.027115761,-0.299218332,-0.572698135,-0.572698135,
1.040000000,6.223904312,0.400729510,-0.302485270,-0.036227027,-0.036227027,-0.302485269,-0.571750115,-0.571750115,
1.050000000,6.226547367,0.397082209,-0.305601242,-0.045110659,-0.045110659,-0.305601243,-0.570732660,-0.570732659,
1.060000000,6.228510364,0.393423163,-0.308566990,-0.053760531,-0.053760532,-0.308566990,-0.569653689,-0.569653689,
1.070000000,6.229802808,0.389763378,-0.311384568,-0.062176096,-0.062176096,-0.311384568,-0.568520922,-0.568520922,
1.080000000,6.230450311,0.386115546,-0.314055765,-0.070352316,-0.070352316,-0.314055765,-0.567341979,-0.567341978,
1.090000000,6.230460350,0.382488206,-0.316583730,-0.078292323,-0.078292322,-0.316583729,-0.566124050,-0.566124051,
1.100000000,6.229861544,0.378892131,-0.318971296,-0.085993385,-0.085993385,-0.318971295,-0.564874169,-0.564874169,
1.110000000,6.228659824,0.375333682,-0.321222229,-0.093461191,-0.093461191,-0.321222230,-0.563598792,-0.563598792,
1.120000000,6.226878768,0.371820813,-0.323340142,-0.100696859,-0.100696859,-0.323340142,-0.562304132,-0.562304132,
1.130000000,6.224541678,0.368360350,-0.325328986,-0.107702813,-0.107702813,-0.325328985,-0.560995973,-0.560995973,
1.140000000,6.221652044,0.364955883,-0.327192816,-0.114487119,-0.114487118,-0.327192816,-0.559679518,-0.559679517,
1.150000000,6.218242490,0.361613667,-0.328935819,-0.121051121,-0.121051120,-0.328935819,-0.558359768,-0.558359769,
1.160000000,6.214312294,0.358335506,-0.330561931,-0.127404386,-0.127404386,-0.330561931,-0.557041080,-0.557041080,
1.170000000,6.209894503,0.355126151,-0.332075485,-0.133549226,-0.133549226,-0.332075485,-0.555727618,-0.555727617,
1.180000000,6.204986181,0.351986181,-0.333480114,-0.139495696,-0.139495696,-0.333480114,-0.554422969,-0.554422969,
1.190000000,6.199611835,0.348918346,-0.334779895,-0.145248291,-0.145248291,-0.334779894,-0.553130500,-0.553130500,
1.200000000,6.193794498,0.345924600,-0.335978903,-0.150812215,-0.150812215,-0.335978903,-0.551853186,-0.551853185,
1.210000000,6.187527596,0.343004160,-0.337080108,-0.156197680,-0.156197680,-0.337080109,-0.550593642,-0.550593642,
1.220000000,6.180846300,0.340159121,-0.338087765,-0.161407818,-0.161407818,-0.338087765,-0.549354226,-0.549354226,
1.230000000,6.173740345,0.337387970,-0.339004282,-0.166452904,-0.166452904,-0.339004282,-0.548137032,-0.548137032,
1.240000000,6.166244348,0.334691981,-0.339833732,-0.171336255,-0.171336255,-0.339833732,-0.546943837,-0.546943838,
1.250000000,6.158345145,0.332069194,-0.340577932,-0.176067872,-0.176067872,-0.340577932,-0.545776330,-0.545776330,
1.260000000,6.150079399,0.329520368,-0.341240873,-0.180650784,-0.180650784,-0.341240872,-0.544635772,-0.544635772,
1.270000000,6.141430635,0.327043231,-0.341823747,-0.185094685,-0.185094684,-0.341823746,-0.543523547,-0.543523548,
1.280000000,6.132419644,0.324637357,-0.342329452,-0.189404290,-0.189404290,-0.342329453,-0.542440646,-0.542440646,
1.290000000,6.123072989,0.322302241,-0.342761191,-0.193583775,-0.193583775,-0.342761192,-0.541387773,-0.541387773,
1.300000000,6.113370083,0.320035426,-0.343119242,-0.197642160,-0.197642160,-0.343119242,-0.540366011,-0.540366011,
1.310000000,6.103346124,0.317836493,-0.343407053,-0.201582376,-0.201582377,-0.343407053,-0.539375679,-0.539375679,
1.320000000,6.092981668,0.315703145,-0.343624517,-0.205412547,-0.205412547,-0.343624518,-0.538417718,-0.538417718,
1.330000000,6.082295613,0.313634284,-0.343773785,-0.209136842,-0.209136842,-0.343773786,-0.537492450,-0.537492450,
1.340000000,6.071295363,0.311628392,-0.343856147,-0.212760369,-0.212760369,-0.343856147,-0.536600268,-0.536600268,
1.350000000,6.060005501,0.309684213,-0.343874005,-0.216286708,-0.216286708,-0.343874006,-0.535741143,-0.535741143,
1.360000000,6.048401939,0.307799600,-0.343826112,-0.219723096,-0.219723096,-0.343826112,-0.534915946,-0.534915946,
1.370000000,6.036501060,0.305973191,-0.343713952,-0.223073309,-0.223073309,-0.343713953,-0.534124724,-0.534124724,
1.380000000,6.024327953,0.304203560,-0.343539650,-0.226340522,-0.226340522,-0.343539650,-0.533367204,-0.533367204,
1.390000000,6.011856078,0.302488828,-0.343301151,-0.229531261,-0.229531261,-0.343301151,-0.532644323,-0.532644322,
1.400000000,5.999103329,0.300827560,-0.342999706,-0.232648819,-0.232648819,-0.342999706,-0.531955936,-0.531955936,
1.410000000,5.986092389,0.299218188,-0.342636938,-0.235696224,-0.235696224,-0.342636936,-0.531301663,-0.531301664,
1.420000000,5.972794133,0.297659151,-0.342209951,-0.238679383,-0.238679383,-0.342209951,-0.530682595,-0.530682595,
1.430000000,5.959230221,0.296148940,-0.341719976,-0.241601085,-0.241601085,-0.341719976,-0.530098365,-0.530098365,
1.440000000,5.945404903,0.294686037,-0.341166643,-0.244465035,-0.244465035,-0.341166642,-0.529549090,-0.529549090,
1.450000000,5.931336574,0.293268825,-0.340550746,-0.247274115,-0.247274114,-0.340550745,-0.529034404,-0.529034404,
1.460000000,5.916996071,0.291896103,-0.339868540,-0.250033478,-0.250033478,-0.339868540,-0.528555549,-0.528555549,
1.470000000,5.902404894,0.290566296,-0.339120762,-0.252745628,-0.252745627,-0.339120761,-0.528112081,-0.528112082,
1.480000000,5.887579827,0.289277787,-0.338307654,-0.255413306,-0.255413306,-0.338307655,-0.527703662,-0.527703662,
1.490000000,5.872493669,0.288029598,-0.337424979,-0.258041135,-0.258041135,-0.337424979,-0.527331614,-0.527331614,
1.500000000,5.857165822,0.286820134,-0.336472851,-0.260631576,-0.260631576,-0.336472851,-0.526995548,-0.526995548,
1.510000000,5.841612428,0.285647785,-0.335450985,-0.263187242,-0.263187242,-0.335450985,-0.526695152,-0.526695153,
1.520000000,5.825806362,0.284511774,-0.334354394,-0.265712426,-0.265712426,-0.334354394,-0.526431925,-0.526431924,
1.530000000,5.809766589,0.283410480,-0.333182640,-0.268209523,-0.268209523,-0.333182640,-0.526205502,-0.526205502,
1.540000000,5.793508948,0.282342289,-0.331934845,-0.270681068,-0.270681068,-0.331934845,-0.526015621,-0.526015622,
1.550000000,5.777006902,0.281306569,-0.330605219,-0.273131113,-0.273131113,-0.330605219,-0.525863948,-0.525863948,
1.560000000,5.760292780,0.280301298,-0.329194238,-0.275561599,-0.275561599,-0.329194239,-0.525749513,-0.525749512,
1.570000000,5.743339688,0.279325971,-0.327695408,-0.277976443,-0.277976443,-0.327695408,-0.525674155,-0.525674155,
1.580000000,5.726165542,0.278378886,-0.326107036,-0.280378117,-0.280378117,-0.326107037,-0.525637622,-0.525637622,
1.590000000,5.708785355,0.277458375,-0.324426897,-0.282769219,-0.282769219,-0.324426896,-0.525639784,-0.525639784,
1.600000000,5.691174213,0.276563967,-0.322647549,-0.285153525,-0.285153525,-0.322647549,-0.525682616,-0.525682615,
1.610000000,5.673362870,0.275693438,-0.320767993,-0.287533292,-0.287533292,-0.320767993,-0.525765219,-0.525765218,
1.620000000,5.655327114,0.274846369,-0.318779960,-0.289912197,-0.289912197,-0.318779960,-0.525889715,-0.525889715,
1.630000000,5.637083252,0.274020915,-0.316679823,-0.292293006,-0.292293006,-0.316679823,-0.526056040,-0.526056040,
1.640000000,5.618645978,0.273215235,-0.314463390,-0.294678593,-0.294678592,-0.314463388,-0.526264213,-0.526264213,
1.650000000,5.599994923,0.272428758,-0.312121230,-0.297072581,-0.297072581,-0.312121230,-0.526516386,-0.526516386,
1.660000000,5.581156799,0.271659024,-0.309649685,-0.299477856,-0.299477856,-0.309649685,-0.526811896,-0.526811896,
1.670000000,5.562113304,0.270905405,-0.307038291,-0.301897936,-0.301897936,-0.307038291,-0.527152971,-0.527152971,
1.680000000,5.542888989,0.270165243,-0.304281852,-0.304336143,-0.304336143,-0.304281852,-0.527539039,-0.527539039,
1.690000000,5.523469741,0.269437749,-0.301368976,-0.306795816,-0.306795815,-0.301368975,-0.527972270,-0.527972270,
1.700000000,5.503869042,0.268720569,-0.298291331,-0.309280554,-0.309280554,-0.298291331,-0.528452882,-0.528452882,
1.710000000,5.484100642,0.268011077,-0.295039745,-0.311794345,-0.311794345,-0.295039746,-0.528980970,-0.528980969,
1.720000000,5.464156988,0.267307987,-0.291600991,-0.314340474,-0.314340474,-0.291600991,-0.529558447,-0.529558447,
1.730000000,5.444047650,0.266608903,-0.287963292,-0.316922516,-0.316922515,-0.287963290,-0.530185919,-0.530185919,
1.740000000,5.423782260,0.265911018,-0.284113603,-0.319544565,-0.319544565,-0.284113604,-0.530863821,-0.530863821,
1.750000000,5.403368834,0.265210952,-0.280036980,-0.322211694,-0.322211694,-0.280036980,-0.531592409,-0.531592409,
1.760000000,5.382816215,0.264506640,-0.275718263,-0.324925922,-0.324925921,-0.275718262,-0.532372712,-0.532372712,
1.770000000,5.362133598,0.263794032,-0.271139619,-0.327692612,-0.327692612,-0.271139619,-0.533204663,-0.533204663,
1.780000000,5.341327595,0.263069205,-0.266281109,-0.330516548,-0.330516548,-0.266281110,-0.534088456,-0.534088456,
1.790000000,5.320423137,0.262328645,-0.261125835,-0.333399178,-0.333399178,-0.261125835,-0.535023483,-0.535023483,
1.800000000,5.299423511,0.261567039,-0.255648707,-0.336346704,-0.336346704,-0.255648708,-0.536009305,-0.536009305,
1.810000000,5.278349424,0.260779342,-0.249827191,-0.339362025,-0.339362025,-0.249827192,-0.537044559,-0.537044558,
1.820000000,5.257214002,0.259959543,-0.243634134,-0.342449353,-0.342449353,-0.243634132,-0.538127650,-0.538127650,
1.830000000,5.236039968,0.259101097,-0.237042430,-0.345611476,-0.345611476,-0.237042431,-0.539255881,-0.539255881,
1.840000000,5.214863722,0.258196811,-0.230026449,-0.348849459,-0.348849459,-0.230026450,-0.540424917,-0.540424917,
1.850000000,5.193692762,0.257238007,-0.222549001,-0.352167532,-0.352167532,-0.222549002,-0.541631125,-0.541631125,
1.860000000,5.172558575,0.256215401,-0.214577077,-0.355566363,-0.355566363,-0.214577078,-0.542868376,-0.542868376,
1.870000000,5.151489499,0.255118455,-0.206073705,-0.359046194,-0.359046193,-0.206073704,-0.544129347,-0.544129347,
1.880000000,5.130520605,0.253935416,-0.197001152,-0.362605465,-0.362605465,-0.197001152,-0.545404644,-0.545404644,
1.890000000,5.109707219,0.252653520,-0.187326334,-0.366239312,-0.366239312,-0.187326334,-0.546681544,-0.546681543,
1.900000000,5.089071749,0.251257887,-0.177002313,-0.369943991,-0.369943991,-0.177002314,-0.547947408,-0.547947408,
1.910000000,5.068646489,0.249732010,-0.165982911,-0.373712312,-0.373712312,-0.165982912,-0.549186437,-0.549186437,
1.920000000,5.048518185,0.248059270,-0.154242760,-0.377529518,-0.377529518,-0.154242760,-0.550376174,-0.550376174,
1.930000000,5.028720513,0.246219998,-0.141735991,-0.381381946,-0.381381945,-0.141735990,-0.551494857,-0.551494857,
1.940000000,5.009317551,0.244193901,-0.128430789,-0.385249229,-0.385249229,-0.128430790,-0.552515369,-0.552515369,
1.950000000,4.990375507,0.241959582,-0.114300459,-0.389106190,-0.389106189,-0.114300457,-0.553407227,-0.553407227,
1.960000000,4.971964378,0.239495013,-0.099326597,-0.392922207,-0.392922207,-0.099326597,-0.554136658,-0.554136658,
1.970000000,4.954159490,0.236778292,-0.083503008,-0.396660798,-0.396660798,-0.083503009,-0.554666999,-0.554666999,
1.980000000,4.937038512,0.233788352,-0.066837617,-0.400279805,-0.400279805,-0.066837615,-0.554959741,-0.554959741,
1.990000000,4.920696221,0.230507690,-0.049365707,-0.403730847,-0.403730847,-0.049365705,-0.554975254,-0.554975254,
2.000000000,4.905181924,0.226917159,-0.031113349,-0.406963945,-0.406963944,-0.031113347,-0.554677031,-0.554677031,
2.010000000,4.890592382,0.223006983,-0.012159590,-0.409923000,-0.409923000,-0.012159591,-0.554029982,-0.554029982,
2.020000000,4.877015653,0.218773530,0.007394624,-0.412551814,-0.412551814,0.007394627,-0.553005779,-0.553005779,
2.030000000,4.864492981,0.214213654,0.027457354,-0.414796617,-0.414796617,0.027457354,-0.551585094,-0.551585094,
2.040000000,4.853114373,0.209341205,0.047872541,-0.416606600,-0.416606600,0.047872540,-0.549759303,-0.549759303,
2.050000000,4.842914872,0.204170452,0.068503850,-0.417938295,-0.417938295,0.068503850,-0.547532663,-0.547532663,
2.060000000,4.833922229,0.198723132,0.089203135,-0.418756106,-0.418756107,0.089203134,-0.544922639,-0.544922639,
2.070000000,4.826186683,0.193036702,0.109785992,-0.419037576,-0.419037576,0.109785991,-0.541962140,-0.541962140,
2.080000000,4.819705579,0.187144505,0.130108149,-0.418769572,-0.418769572,0.130108149,-0.538695074,-0.538695074,
2.090000000,4.814477706,0.181086819,0.150022841,-0.417951178,-0.417951178,0.150022840,-0.535176365,-0.535176365,
2.100000000,4.810488293,0.174904964,0.169401048,-0.416591777,-0.416591777,0.169401047,-0.531468440,-0.531468440,
2.110000000,4.807711337,0.168639435,0.188134868,-0.414709280,-0.414709281,0.188134867,-0.527637996,-0.527637996,
2.120000000,4.806120007,0.162331763,0.206130329,-0.412330711,-0.412330711,0.206130328,-0.523753636,-0.523753636,
2.130000000,4.805655993,0.156008997,0.223344262,-0.409479032,-0.409479032,0.223344262,-0.519879659,-0.519879659,
2.140000000,4.806289096,0.149707674,0.239719375,-0.406190034,-0.406190034,0.239719374,-0.516079532,-0.516079533,
2.150000000,4.807962243,0.143447971,0.255245847,-0.402490197,-0.402490197,0.255245846,-0.512408567,-0.512408567,
2.160000000,4.810620841,0.137245130,0.269927981,-0.398403403,-0.398403403,0.269927981,-0.508916005,-0.508916005,
2.170000000,4.814228523,0.131119338,0.283763479,-0.393960719,-0.393960720,0.283763479,-0.505645230,-0.505645230,
2.180000000,4.818737351,0.125078676,0.296776930,-0.389182133,-0.389182133,0.296776929,-0.502631459,-0.502631460,
2.190000000,4.824095404,0.119121098,0.309010101,-0.384075417,-0.384075417,0.309010100,-0.499903905,-0.499903905,
2.200000000,4.830269449,0.113250814,0.320491977,-0.378654695,-0.378654695,0.320491976,-0.497486323,-0.497486323,
2.210000000,4.837228940,0.107468749,0.331256401,-0.372929558,-0.372929558,0.331256400,-0.495396787,-0.495396787,
2.220000000,4.844940357,0.101766417,0.341349000,-0.366895369,-0.366895369,0.341349000,-0.493650126,-0.493650126,
2.230000000,4.853380690,0.096137548,0.350808507,-0.360547859,-0.360547859,0.350808506,-0.492257473,-0.492257473,
2.240000000,4.862534728,0.090577805,0.359668471,-0.353883411,-0.353883411,0.359668471,-0.491225969,-0.491225970,
2.250000000,4.872384858,0.085070898,0.367973338,-0.346876983,-0.346876983,0.367973337,-0.490564422,-0.490564422,
2.260000000,4.882929290,0.079613704,0.375748404,-0.339520736,-0.339520736,0.375748404,-0.490275062,-0.490275062,
2.270000000,4.894165569,0.074192441,0.383027348,-0.331786074,-0.331786074,0.383027348,-0.490362919,-0.490362919,
2.280000000,4.906100126,0.068796977,0.389835859,-0.323646017,-0.323646017,0.389835858,-0.490830670,-0.490830670,
2.290000000,4.918746083,0.063419587,0.396193971,-0.315073627,-0.315073627,0.396193973,-0.491678680,-0.491678679,
2.300000000,4.932122358,0.058046279,0.402123013,-0.306025082,-0.306025082,0.402123012,-0.492910790,-0.492910790,
2.310000000,4.946256721,0.052667075,0.407636555,-0.296457785,-0.296457785,0.407636555,-0.494528372,-0.494528372,
2.320000000,4.961184138,0.047276169,0.412741451,-0.286331237,-0.286331237,0.412741451,-0.496529354,-0.496529354,
2.330000000,4.976950244,0.041860526,0.417444673,-0.275582001,-0.275582001,0.417444673,-0.498917182,-0.498917182,
2.340000000,4.993610921,0.036412493,0.421744689,-0.264148230,-0.264148231,0.421744689,-0.501691334,-0.501691335,
2.350000000,5.011234239,0.030925385,0.425634174,-0.251959083,-0.251959083,0.425634174,-0.504850454,-0.504850454,
2.360000000,5.029899377,0.025397509,0.429098041,-0.238942470,-0.238942470,0.429098041,-0.508388484,-0.508388484,
2.370000000,5.049707057,0.019822988,0.432115958,-0.224999231,-0.224999231,0.432115960,-0.512303298,-0.512303297,
2.380000000,5.070779563,0.014199625,0.434657567,-0.210016859,-0.210016859,0.434657568,-0.516589686,-0.516589685,
2.390000000,5.093265659,0.008529564,0.436680885,-0.193865282,-0.193865282,0.436680886,-0.521238602,-0.521238602,
2.400000000,5.117344781,0.002821997,0.438129830,-0.176395997,-0.176395997,0.438129830,-0.526234475,-0.526234475,
2.410000000,5.143257279,-0.002915833,0.438929866,-0.157398324,-0.157398324,0.438929865,-0.531565697,-0.531565697,
2.420000000,5.171319374,-0.008669530,0.438978101,-0.136596811,-0.136596811,0.438978101,-0.537216863,-0.537216863,
2.430000000,5.201966526,-0.014415698,0.438128026,-0.113606046,-0.113606046,0.438128025,-0.543169949,-0.543169949,
2.440000000,5.235879281,-0.020129753,0.436151052,-0.087785255,-0.087785254,0.436151052,-0.549420973,-0.549420973,
2.450000000,5.274056662,-0.025740994,0.432679006,-0.058183256,-0.058183256,0.432679006,-0.555942701,-0.555942701,
2.460000000,5.316957852,-0.030882569,0.427329638,-0.024537405,-0.024537404,0.427329638,-0.562414820,-0.562414820,
2.470000000,5.378022157,-0.036442961,0.415843877,0.028719109,0.028719109,0.415843877,-0.570600594,-0.570600594,
