0.010000000,4.769320091,-0.000000002,0.577353602,0.289298172,-0.289298496,-0.577353600,-0.288043746,0.288044071,
0.020000000,4.769268602,0.000000000,0.577363530,0.289916068,-0.289916052,-0.577363531,-0.287402221,0.287402204,
0.030000000,4.769183371,0.000000000,0.577380043,0.290526381,-0.290526373,-0.577380043,-0.286752004,0.286751997,
0.040000000,4.769064007,0.000000002,0.577403161,0.291128360,-0.291128305,-0.577403162,-0.286094214,0.286094159,
0.050000000,4.768910998,-0.000000000,0.577432854,0.291722750,-0.291722762,-0.577432854,-0.285427976,0.285427988,
0.060000000,4.768723720,0.000000001,0.577469155,0.292308857,-0.292308842,-0.577469155,-0.284754132,0.284754117,
0.070000000,4.768502436,0.000000000,0.577512045,0.292887016,-0.292887015,-0.577512045,-0.284072234,0.284072233,
0.080000000,4.768247580,0.000000001,0.577561498,0.293457602,-0.293457588,-0.577561498,-0.283382003,0.283381989,
0.090000000,4.767958405,-0.000000000,0.577617550,0.294019992,-0.294019997,-0.577617550,-0.282683935,0.282683940,
0.100000000,4.767635228,-0.000000000,0.577680178,0.294574494,-0.294574499,-0.577680178,-0.281977794,0.281977799,
0.110000000,4.767278398,0.000000000,0.577749362,0.295121309,-0.295121309,-0.577749362,-0.281263378,0.281263378,
0.120000000,4.766887262,0.000000000,0.577825126,0.295660061,-0.295660060,-0.577825126,-0.280541000,0.280541000,
0.130000000,4.766462190,-0.000000000,0.577907444,0.296190977,-0.296190979,-0.577907444,-0.279810454,0.279810456,
0.140000000,4.766003222,-0.000000000,0.577996317,0.296714082,-0.296714083,-0.577996317,-0.279071695,0.279071696,
0.150000000,4.765510077,-0.000000000,0.578091738,0.297229259,-0.297229260,-0.578091737,-0.278324829,0.278324829,
0.160000000,4.764983001,0.000000000,0.578193691,0.297736629,-0.297736629,-0.578193691,-0.277569732,0.277569732,
0.170000000,4.764435873,-0.000000000,0.578301182,0.298241290,-0.298241290,-0.578301182,-0.276802954,0.276802954,
0.180000000,4.763842288,0.000000000,0.578416091,0.298733279,-0.298733279,-0.578416091,-0.276031255,0.276031255,
0.190000000,4.763214515,0.000000000,0.578537526,0.299217370,-0.299217370,-0.578537526,-0.275251334,0.275251334,
0.200000000,4.762549900,0.000000000,0.578665642,0.299692752,-0.299692750,-0.578665642,-0.274463713,0.274463711,
0.210000000,4.761853644,-0.000000000,0.578800101,0.300161110,-0.300161111,-0.578800100,-0.273667228,0.273667228,
0.220000000,4.761120661,0.000000000,0.578941208,0.300620903,-0.300620903,-0.578941208,-0.272862878,0.272862878,
0.230000000,4.760355733,-0.000000000,0.579088657,0.301073544,-0.301073544,-0.579088657,-0.272049716,0.272049716,
0.240000000,4.759554133,-0.000000000,0.579242727,0.301517730,-0.301517730,-0.579242727,-0.271228543,0.271228543,
0.250000000,4.758720569,-0.000000000,0.579403117,0.301954732,-0.301954732,-0.579403117,-0.270398536,0.270398536,
0.260000000,4.757850316,-0.000000000,0.579570101,0.302383358,-0.302383358,-0.579570101,-0.269560387,0.269560388,
0.270000000,4.756947881,-0.000000000,0.579743397,0.302804728,-0.302804728,-0.579743397,-0.268713398,0.268713398,
0.280000000,4.756008883,-0.000000000,0.579923249,0.303217831,-0.303217832,-0.579923249,-0.267858118,0.267858118,
0.290000000,4.755037439,-0.000000000,0.580109405,0.303623607,-0.303623607,-0.580109405,-0.266993976,0.266993976,
0.300000000,4.754029528,0.000000000,0.580302081,0.304021211,-0.304021210,-0.580302081,-0.266121398,0.266121397,
0.310000000,4.752988980,-0.000000000,0.580501047,0.304411438,-0.304411438,-0.580501047,-0.265239911,0.265239911,
0.320000000,4.751912121,-0.000000000,0.580706490,0.304793597,-0.304793597,-0.580706490,-0.264349836,0.264349836,
0.330000000,4.750800643,-0.000000000,0.580918306,0.305168028,-0.305168029,-0.580918306,-0.263450936,0.263450936,
0.340000000,4.749656303,-0.000000000,0.581136380,0.305535048,-0.305535048,-0.581136380,-0.262543029,0.262543029,
0.350000000,4.748475581,0.000000000,0.581360889,0.305894074,-0.305894073,-0.581360890,-0.261626322,0.261626321,
0.360000000,4.747261689,-0.000000000,0.581591649,0.306245630,-0.306245630,-0.581591649,-0.260700534,0.260700534,
0.370000000,4.746011751,0.000000000,0.581828788,0.306589313,-0.306589313,-0.581828788,-0.259765770,0.259765769,
0.380000000,4.744728069,0.000000000,0.582072182,0.306925437,-0.306925437,-0.582072182,-0.258821852,0.258821852,
0.390000000,4.743408648,0.000000000,0.582321900,0.307253800,-0.307253800,-0.582321900,-0.257868779,0.257868779,
0.400000000,4.742055055,-0.000000000,0.582577872,0.307574539,-0.307574539,-0.582577872,-0.256906454,0.256906454,
0.410000000,4.740666014,0.000000000,0.582840110,0.307887626,-0.307887625,-0.582840110,-0.255934790,0.255934789,
0.420000000,4.739242315,0.000000000,0.583108603,0.308193019,-0.308193018,-0.583108603,-0.254953761,0.254953760,
0.430000000,4.737783534,0.000000000,0.583383302,0.308490867,-0.308490866,-0.583383302,-0.253963203,0.253963202,
0.440000000,4.736289684,-0.000000000,0.583664216,0.308781098,-0.308781099,-0.583664216,-0.252963073,0.252963073,
0.450000000,4.734760855,-0.000000000,0.583951354,0.309063620,-0.309063620,-0.583951354,-0.251953358,0.251953359,
0.460000000,4.733197016,0.000000000,0.584244642,0.309338661,-0.309338661,-0.584244642,-0.250933839,0.250933839,
0.470000000,4.731597626,0.000000000,0.584544155,0.309605937,-0.309605937,-0.584544155,-0.249904572,0.249904572,
0.480000000,4.729963657,-0.000000000,0.584849750,0.309865841,-0.309865841,-0.584849750,-0.248865286,0.248865286,
0.490000000,4.728293461,0.000000000,0.585161587,0.310117885,-0.310117885,-0.585161587,-0.247816090,0.247816090,
0.500000000,4.726589155,-0.000000000,0.585479435,0.310362668,-0.310362668,-0.585479435,-0.246756654,0.246756654,
0.510000000,4.724847981,-0.000000000,0.585803533,0.310599524,-0.310599524,-0.585803533,-0.245687110,0.245687110,
0.520000000,4.723073117,-0.000000000,0.586133578,0.310829202,-0.310829202,-0.586133578,-0.244607106,0.244607106,
0.530000000,4.721260727,-0.000000000,0.586469885,0.311050887,-0.311050887,-0.586469885,-0.243516775,0.243516775,
0.540000000,4.719365827,-0.000000000,0.586815905,0.311257201,-0.311257201,-0.586815905,-0.242417097,0.242417097,
0.550000000,4.717485776,-0.000000000,0.587164053,0.311464520,-0.311464520,-0.587164053,-0.241305258,0.241305258,
0.560000000,4.715571402,0.000000000,0.587518153,0.311664464,-0.311664463,-0.587518153,-0.240182601,0.240182600,
0.570000000,4.713613908,0.000000000,0.587878820,0.311855750,-0.311855750,-0.587878820,-0.239049125,0.239049124,
0.580000000,4.711630123,-0.000000000,0.588244827,0.312040859,-0.312040859,-0.588244827,-0.237904446,0.237904447,
0.590000000,4.709602016,-0.000000000,0.588617441,0.312217200,-0.312217200,-0.588617441,-0.236748660,0.236748660,
0.600000000,4.707546703,0.000000000,0.588995442,0.312387174,-0.312387173,-0.588995443,-0.235581456,0.235581456,
0.610000000,4.705454210,-0.000000000,0.589379513,0.312549391,-0.312549391,-0.589379513,-0.234402790,0.234402790,
0.620000000,4.703320248,0.000000000,0.589769927,0.312703314,-0.312703314,-0.589769928,-0.233212500,0.233212500,
0.630000000,4.701157864,0.000000000,0.590165781,0.312850625,-0.312850625,-0.590165781,-0.232010425,0.232010425,
0.640000000,4.698958356,-0.000000000,0.590567650,0.312990196,-0.312990196,-0.590567650,-0.230796420,0.230796421,
0.650000000,4.696718014,0.000000000,0.590975763,0.313121598,-0.313121598,-0.590975763,-0.229570279,0.229570278,
0.660000000,4.694448385,-0.000000000,0.591389346,0.313246181,-0.313246181,-0.591389346,-0.228331933,0.228331933,
0.670000000,4.692141947,0.000000000,0.591808877,0.313363050,-0.313363050,-0.591808877,-0.227081158,0.227081158,
0.680000000,4.689799832,0.000000000,0.592234268,0.313472323,-0.313472323,-0.592234268,-0.225817790,0.225817790,
0.690000000,4.687417250,0.000000000,0.592665816,0.313573474,-0.313573475,-0.592665816,-0.224541548,0.224541548,
0.700000000,4.685004395,-0.000000000,0.593102857,0.313667558,-0.313667558,-0.593102857,-0.223252467,0.223252467,
0.710000000,4.682555014,-0.000000000,0.593545775,0.313753897,-0.313753897,-0.593545775,-0.221950231,0.221950231,
0.720000000,4.680066249,0.000000000,0.593994729,0.313832222,-0.313832222,-0.593994728,-0.220634538,0.220634537,
0.730000000,4.677546084,-0.000000000,0.594449232,0.313903205,-0.313903205,-0.594449232,-0.219305468,0.219305468,
0.740000000,4.674989589,-0.000000000,0.594909563,0.313966389,-0.313966389,-0.594909563,-0.217962653,0.217962653,
0.750000000,4.672394652,0.000000000,0.595375824,0.314021611,-0.314021610,-0.595375825,-0.216605761,0.216605761,
0.760000000,4.669767321,-0.000000000,0.595847688,0.314069210,-0.314069210,-0.595847688,-0.215234905,0.215234905,
0.770000000,4.667104028,-0.000000000,0.596325326,0.314108932,-0.314108932,-0.596325326,-0.213849677,0.213849678,
0.780000000,4.664405295,-0.000000000,0.596808705,0.314140755,-0.314140755,-0.596808705,-0.212449890,0.212449890,
0.790000000,4.661668992,-0.000000000,0.597297916,0.314164561,-0.314164561,-0.597297916,-0.211035135,0.211035135,
0.800000000,4.658899616,0.000000000,0.597792755,0.314180408,-0.314180408,-0.597792755,-0.209605567,0.209605567,
0.810000000,4.656094643,-0.000000000,0.598293315,0.314188197,-0.314188197,-0.598293315,-0.208160722,0.208160722,
0.820000000,4.653253253,-0.000000000,0.598799603,0.314187935,-0.314187934,-0.598799603,-0.206700211,0.206700211,
0.830000000,4.650377981,-0.000000000,0.599311574,0.314179359,-0.314179359,-0.599311574,-0.205224188,0.205224188,
0.840000000,4.647467537,0.000000000,0.599829222,0.314162558,-0.314162559,-0.599829222,-0.203732156,0.203732156,
0.850000000,4.644521889,-0.000000000,0.600352500,0.314137611,-0.314137611,-0.600352500,-0.202223731,0.202223731,
0.860000000,4.641541588,-0.000000000,0.600881513,0.314103980,-0.314103980,-0.600881513,-0.200699022,0.200699023,
0.870000000,4.638526680,0.000000000,0.601416161,0.314061892,-0.314061892,-0.601416162,-0.199157549,0.199157548,
0.880000000,4.635477890,-0.000000000,0.601956340,0.314011519,-0.314011519,-0.601956340,-0.197598914,0.197598914,
0.890000000,4.632393699,0.000000000,0.602502321,0.313952006,-0.313952006,-0.602502321,-0.196023190,0.196023189,
0.900000000,4.629275615,-0.000000000,0.603053886,0.313883785,-0.313883785,-0.603053886,-0.194429884,0.194429885,
0.910000000,4.626125029,0.000000000,0.603610889,0.313807067,-0.313807068,-0.603610889,-0.192818618,0.192818618,
0.920000000,4.622938573,-0.000000000,0.604173738,0.313720755,-0.313720755,-0.604173738,-0.191189388,0.191189388,
0.930000000,4.619718864,0.000000000,0.604742145,0.313625359,-0.313625359,-0.604742145,-0.189541742,0.189541741,
0.940000000,4.616468077,-0.000000000,0.605315908,0.313521168,-0.313521167,-0.605315908,-0.187875303,0.187875303,
0.950000000,4.613181155,-0.000000000,0.605895552,0.313406881,-0.313406880,-0.605895552,-0.186189977,0.186189977,
0.960000000,4.609861899,0.000000000,0.606480710,0.313283109,-0.313283109,-0.606480710,-0.184485344,0.184485344,
0.970000000,4.606513194,0.000000000,0.607071135,0.313150178,-0.313150178,-0.607071135,-0.182761054,0.182761054,
0.980000000,4.603128000,-0.000000000,0.607667497,0.313006537,-0.313006536,-0.607667497,-0.181016908,0.181016909,
0.990000000,4.599711527,-0.000000000,0.608269329,0.312852926,-0.312852927,-0.608269329,-0.179252532,0.179252532,
1.000000000,4.596267428,-0.000000000,0.608876337,0.312689713,-0.312689713,-0.608876337,-0.177467600,0.177467600,
1.010000000,4.592786989,0.000000000,0.609489301,0.312515161,-0.312515161,-0.609489301,-0.175661795,0.175661795,
1.020000000,4.589276060,-0.000000000,0.610107725,0.312329998,-0.312329998,-0.610107725,-0.173834795,0.173834796,
1.030000000,4.585739346,-0.000000000,0.610731250,0.312134662,-0.312134662,-0.610731250,-0.171986317,0.171986317,
1.040000000,4.582166698,0.000000000,0.611360732,0.311927290,-0.311927290,-0.611360733,-0.170115903,0.170115903,
1.050000000,4.578565025,-0.000000000,0.611995620,0.311708650,-0.311708650,-0.611995620,-0.168223299,0.168223299,
1.060000000,4.574939504,-0.000000000,0.612635540,0.311479143,-0.311479143,-0.612635540,-0.166308265,0.166308266,
1.070000000,4.571278450,-0.000000000,0.613281427,0.311236777,-0.311236777,-0.613281427,-0.164370191,0.164370192,
1.080000000,4.567596561,-0.000000000,0.613932166,0.310983244,-0.310983244,-0.613932166,-0.162409106,0.162409106,
1.090000000,4.563878776,0.000000000,0.614588938,0.310716143,-0.310716143,-0.614588938,-0.160424176,0.160424175,
1.100000000,4.560142232,0.000000000,0.615250465,0.310437361,-0.310437361,-0.615250464,-0.158415627,0.158415627,
1.110000000,4.556370598,-0.000000000,0.615918000,0.310144396,-0.310144396,-0.615918000,-0.156382451,0.156382451,
1.120000000,4.552573252,-0.000000000,0.616590855,0.309838065,-0.309838065,-0.616590855,-0.154324630,0.154324630,
1.130000000,4.548758492,0.000000000,0.617268475,0.309518906,-0.309518905,-0.617268475,-0.152242165,0.152242165,
1.140000000,4.544909257,-0.000000000,0.617952095,0.309184461,-0.309184461,-0.617952096,-0.150133863,0.150133863,
1.150000000,4.541046457,0.000000000,0.618640277,0.308836684,-0.308836683,-0.618640278,-0.148000373,0.148000373,
1.160000000,4.537149829,0.000000000,0.619334443,0.308472818,-0.308472819,-0.619334442,-0.145840216,0.145840216,
1.170000000,4.533240906,-0.000000000,0.620033154,0.308094725,-0.308094725,-0.620033154,-0.143654198,0.143654198,
1.180000000,4.529299172,-0.000000000,0.620737800,0.307699717,-0.307699717,-0.620737800,-0.141440686,0.141440686,
1.190000000,4.525337011,0.000000000,0.621447567,0.307288596,-0.307288596,-0.621447568,-0.139199998,0.139199998,
1.200000000,4.521364955,-0.000000000,0.622161845,0.306861777,-0.306861777,-0.622161844,-0.136932425,0.136932426,
1.210000000,4.517361793,-0.000000000,0.622881945,0.306416704,-0.306416703,-0.622881945,-0.134636125,0.134636125,
1.220000000,4.513352406,0.000000000,0.623606403,0.305955034,-0.305955034,-0.623606403,-0.132312400,0.132312400,
1.230000000,4.509313792,0.000000000,0.624336564,0.305474175,-0.305474174,-0.624336564,-0.129959161,0.129959160,
1.240000000,4.505270663,0.000000000,0.625071058,0.304975526,-0.304975527,-0.625071057,-0.127577825,0.127577825,
1.250000000,4.501199195,0.000000000,0.625811171,0.304456606,-0.304456606,-0.625811171,-0.125166103,0.125166103,
1.260000000,4.497126556,0.000000000,0.626555510,0.303918717,-0.303918717,-0.626555510,-0.122725735,0.122725734,
1.270000000,4.493027591,0.000000000,0.627305306,0.303359489,-0.303359490,-0.627305306,-0.120254202,0.120254201,
1.280000000,4.488914671,-0.000000000,0.628059920,0.302779110,-0.302779110,-0.628059920,-0.117752058,0.117752059,
1.290000000,4.484805493,-0.000000000,0.628818619,0.302177750,-0.302177750,-0.628818619,-0.115220450,0.115220450,
1.300000000,4.480673640,-0.000000000,0.629582471,0.301553328,-0.301553328,-0.629582471,-0.112656570,0.112656571,
1.310000000,4.476545675,-0.000000000,0.630350453,0.300906252,-0.300906252,-0.630350453,-0.110062408,0.110062409,
1.320000000,4.472397935,-0.000000000,0.631123328,0.300234912,-0.300234911,-0.631123328,-0.107435298,0.107435298,
1.330000000,4.468242643,-0.000000000,0.631900609,0.299539025,-0.299539024,-0.631900609,-0.104775917,0.104775917,
1.340000000,4.464081755,-0.000000000,0.632682184,0.298817857,-0.298817857,-0.632682184,-0.102084000,0.102084000,
1.350000000,4.459932589,-0.000000000,0.633467611,0.298070789,-0.298070789,-0.633467611,-0.099360910,0.099360910,
1.360000000,4.455770082,0.000000000,0.634257382,0.297296678,-0.297296679,-0.634257382,-0.096603616,0.096603616,
1.370000000,4.451605250,-0.000000000,0.635051133,0.296494887,-0.296494887,-0.635051133,-0.093812795,0.093812795,
1.380000000,4.447456383,-0.000000000,0.635848561,0.295664370,-0.295664370,-0.635848561,-0.090990042,0.090990042,
1.390000000,4.443298182,-0.000000000,0.636649841,0.294804527,-0.294804527,-0.636649841,-0.088132124,0.088132125,
1.400000000,4.439143547,0.000000000,0.637454676,0.293914401,-0.293914401,-0.637454675,-0.085240024,0.085240024,
1.410000000,4.435009113,0.000000000,0.638262938,0.292992516,-0.292992516,-0.638262939,-0.082315290,0.082315289,
1.420000000,4.430869110,0.000000000,0.639074439,0.292038919,-0.292038919,-0.639074439,-0.079354464,0.079354464,
1.430000000,4.426739934,0.000000000,0.639889011,0.291052141,-0.291052141,-0.639889010,-0.076359058,0.076359057,
1.440000000,4.422623768,0.000000000,0.640706482,0.290031153,-0.290031154,-0.640706482,-0.073328945,0.073328944,
1.450000000,4.418534157,0.000000000,0.641526838,0.288974177,-0.288974177,-0.641526839,-0.070265504,0.070265504,
1.460000000,4.414447221,0.000000000,0.642349512,0.287881802,-0.287881803,-0.642349512,-0.067165261,0.067165261,
1.470000000,4.410379475,0.000000000,0.643174476,0.286752080,-0.286752080,-0.643174478,-0.064029968,0.064029967,
1.480000000,4.406343466,-0.000000000,0.644001781,0.285582991,-0.285582990,-0.644001781,-0.060860999,0.060861000,
1.490000000,4.402318000,-0.000000000,0.644830593,0.284375447,-0.284375446,-0.644830593,-0.057655107,0.057655108,
1.500000000,4.398318062,-0.000000000,0.645660964,0.283127243,-0.283127243,-0.645660964,-0.054413999,0.054414000,
1.510000000,4.394355906,0.000000000,0.646492998,0.281836109,-0.281836110,-0.646492997,-0.051139141,0.051139141,
1.520000000,4.390411338,-0.000000000,0.647325574,0.280503385,-0.280503385,-0.647325574,-0.047827322,0.047827322,
1.530000000,4.386499071,-0.000000000,0.648158826,0.279126554,-0.279126553,-0.648158826,-0.044480368,0.044480369,
1.540000000,4.382631244,0.000000000,0.648992898,0.277703115,-0.277703115,-0.648992897,-0.041099867,0.041099866,
1.550000000,4.378788840,-0.000000000,0.649826412,0.276234769,-0.276234769,-0.649826412,-0.037682711,0.037682711,
1.560000000,4.374996286,-0.000000000,0.650660158,0.274717131,-0.274717130,-0.650660158,-0.034232389,0.034232390,
1.570000000,4.371234592,0.000000000,0.651492475,0.273152428,-0.273152428,-0.651492475,-0.030745832,0.030745832,
1.580000000,4.367517665,-0.000000000,0.652323624,0.271537640,-0.271537640,-0.652323624,-0.027224981,0.027224982,
1.590000000,4.363857092,0.000000000,0.653153806,0.269869903,-0.269869904,-0.653153805,-0.023671542,0.023671542,
1.600000000,4.360235653,-0.000000000,0.653981134,0.268151747,-0.268151747,-0.653981134,-0.020082739,0.020082739,
1.610000000,4.356676367,-0.000000000,0.654806707,0.266377884,-0.266377884,-0.654806707,-0.016462084,0.016462083,
1.620000000,4.353162429,0.000000000,0.655628347,0.264551417,-0.264551418,-0.655628346,-0.012806993,0.012806993,
1.630000000,4.349706370,-0.000000000,0.656446361,0.262669015,-0.262669015,-0.656446361,-0.009119400,0.009119400,
1.640000000,4.346319378,0.000000000,0.657260992,0.260727473,-0.260727474,-0.657260993,-0.005401118,0.005401116,
1.650000000,4.342987153,0.000000000,0.658069958,0.258729991,-0.258729992,-0.658069957,-0.001650098,0.001650097,
1.660000000,4.339729609,0.000000000,0.658874465,0.256670799,-0.256670798,-0.658874467,0.002130544,-0.002130545,
1.670000000,4.336533238,-0.000000000,0.659671946,0.254553749,-0.254553749,-0.659671946,0.005942454,-0.005942454,
1.680000000,4.333416571,-0.000000000,0.660463740,0.252372627,-0.252372627,-0.660463741,0.009782869,-0.009782868,
1.690000000,4.330368013,0.000000000,0.661247064,0.250131807,-0.250131806,-0.661247066,0.013652755,-0.013652755,
1.700000000,4.327397292,-0.000000000,0.662022168,0.247827822,-0.247827822,-0.662022169,0.017550478,-0.017550477,
1.710000000,4.324514911,-0.000000000,0.662789643,0.245456172,-0.245456172,-0.662789643,0.021474562,-0.021474561,
1.720000000,4.321712308,0.000000000,0.663546705,0.243021266,-0.243021267,-0.663546704,0.025425081,-0.025425081,
1.730000000,4.318994156,0.000000000,0.664292563,0.240522340,-0.240522340,-0.664292565,0.029400561,-0.029400562,
1.740000000,4.316365857,-0.000000000,0.665026917,0.237957245,-0.237957244,-0.665026918,0.033399835,-0.033399834,
1.750000000,4.313833857,0.000000000,0.665750238,0.235321430,-0.235321431,-0.665750236,0.037422540,-0.037422541,
1.760000000,4.311394884,0.000000000,0.666459157,0.232621482,-0.232621481,-0.666459160,0.041466082,-0.041466082,
1.770000000,4.309055334,0.000000000,0.667154261,0.229852552,-0.229852553,-0.667154259,0.045530182,-0.045530183,
1.780000000,4.306816943,-0.000000000,0.667834863,0.227013220,-0.227013219,-0.667834864,0.049614445,-0.049614444,
1.790000000,4.304683996,0.000000000,0.668498433,0.224108467,-0.224108468,-0.668498431,0.053714446,-0.053714447,
1.800000000,4.302658291,-0.000000000,0.669145330,0.221133590,-0.221133589,-0.669145331,0.057831329,-0.057831328,
1.810000000,4.300743681,-0.000000000,0.669774105,0.218090127,-0.218090126,-0.669774106,0.061962439,-0.061962438,
1.820000000,4.298941653,0.000000000,0.670383920,0.214977342,-0.214977343,-0.670383920,0.066107054,-0.066107055,
1.830000000,4.297255982,-0.000000000,0.670973621,0.211795942,-0.211795941,-0.670973622,0.070262928,-0.070262927,
1.840000000,4.295695302,-0.000000000,0.671542171,0.208547140,-0.208547139,-0.671542172,0.074425821,-0.074425820,
1.850000000,4.294256018,-0.000000000,0.672088786,0.205229524,-0.205229523,-0.672088787,0.078597112,-0.078597111,
1.860000000,4.292942233,-0.000000000,0.672612363,0.201844078,-0.201844077,-0.672612364,0.082774255,-0.082774254,
1.870000000,4.291755326,0.000000000,0.673111796,0.198391539,-0.198391538,-0.673111800,0.086955766,-0.086955767,
1.880000000,4.290698030,-0.000000000,0.673586038,0.194872846,-0.194872846,-0.673586037,0.091139587,-0.091139587,
1.890000000,4.289781509,-0.000000000,0.674034549,0.191288619,-0.191288619,-0.674034548,0.095320993,-0.095320993,
1.900000000,4.288998091,-0.000000000,0.674455797,0.187640318,-0.187640317,-0.674455799,0.099501196,-0.099501195,
1.910000000,4.288341756,-0.000000000,0.674848248,0.183929888,-0.183929887,-0.674848250,0.103680457,-0.103680456,
1.920000000,4.287833370,-0.000000000,0.675212092,0.180157646,-0.180157647,-0.675212089,0.107851081,-0.107851081,
1.930000000,4.287462464,0.000000000,0.675545622,0.176325927,-0.176325926,-0.675545626,0.112014630,-0.112014632,
1.940000000,4.287232060,-0.000000000,0.675848030,0.172436355,-0.172436354,-0.675848032,0.116168598,-0.116168597,
1.950000000,4.287143517,0.000000000,0.676118439,0.168490771,-0.168490772,-0.676118440,0.120310912,-0.120310914,
1.960000000,4.287197521,-0.000000000,0.676355995,0.164491155,-0.164491155,-0.676355994,0.124439657,-0.124439658,
1.970000000,4.287395270,-0.000000000,0.676559934,0.160439568,-0.160439566,-0.676559936,0.128552713,-0.128552712,
1.980000000,4.287737224,0.000000000,0.676729516,0.156338203,-0.156338203,-0.676729520,0.132648127,-0.132648129,
1.990000000,4.288233021,0.000000000,0.676864658,0.152189150,-0.152189150,-0.676864661,0.136721230,-0.136721232,
2.000000000,4.288863500,0.000000000,0.676963511,0.147995282,-0.147995282,-0.676963513,0.140775707,-0.140775709,
2.010000000,4.289639425,0.000000000,0.677026214,0.143758773,-0.143758772,-0.677026217,0.144806488,-0.144806487,
2.020000000,4.290569091,0.000000000,0.677052848,0.139482175,-0.139482177,-0.677052846,0.148809155,-0.148809157,
2.030000000,4.291632823,-0.000000000,0.677041760,0.135168189,-0.135168189,-0.677041758,0.152787490,-0.152787490,
2.040000000,4.292849812,0.000000000,0.676993917,0.130819530,-0.130819529,-0.676993919,0.156733807,-0.156733806,
2.050000000,4.294208091,-0.000000000,0.676908356,0.126438900,-0.126438901,-0.676908353,0.160649569,-0.160649568,
2.060000000,4.295697391,0.000000000,0.676784285,0.122028782,-0.122028781,-0.676784287,0.164535733,-0.164535733,
2.070000000,4.297335797,0.000000000,0.676622919,0.117592388,-0.117592387,-0.676622921,0.168384840,-0.168384840,
2.080000000,4.299110379,0.000000000,0.676423495,0.113132229,-0.113132228,-0.676423497,0.172198585,-0.172198585,
2.090000000,4.301019605,-0.000000000,0.676186108,0.108651052,-0.108651052,-0.676186107,0.175975273,-0.175975272,
2.100000000,4.303060797,0.000000000,0.675910868,0.104151557,-0.104151556,-0.675910870,0.179713523,-0.179713522,
2.110000000,4.305230661,0.000000000,0.675597949,0.099636370,-0.099636370,-0.675597950,0.183412116,-0.183412116,
2.120000000,4.307534827,0.000000000,0.675248255,0.095108690,-0.095108689,-0.675248257,0.187067180,-0.187067180,
2.130000000,4.309950874,-0.000000000,0.674860778,0.090569807,-0.090569807,-0.674860777,0.190683090,-0.190683091,
2.140000000,4.312493368,-0.000000000,0.674437264,0.086023462,-0.086023462,-0.674437263,0.194253293,-0.194253291,
2.150000000,4.315147841,0.000000000,0.673977450,0.081471272,-0.081471272,-0.673977451,0.197779747,-0.197779747,
2.160000000,4.317900826,0.000000000,0.673481201,0.076914614,-0.076914614,-0.673481202,0.201264040,-0.201264040,
2.170000000,4.320764012,0.000000000,0.672950371,0.072357074,-0.072357074,-0.672950372,0.204700393,-0.204700393,
2.180000000,4.323729891,-0.000000000,0.672385474,0.067800528,-0.067800527,-0.672385474,0.208088595,-0.208088594,
2.190000000,4.326775482,0.000000000,0.671785871,0.063244985,-0.063244985,-0.671785872,0.211432766,-0.211432767,
2.200000000,4.329902015,0.000000000,0.671152883,0.058692787,-0.058692786,-0.671152884,0.214729978,-0.214729978,
2.210000000,4.333109223,-0.000000000,0.670487821,0.054146159,-0.054146159,-0.670487821,0.217977694,-0.217977693,
2.220000000,4.336378435,0.000000000,0.669790591,0.049605016,-0.049605016,-0.669790591,0.221178450,-0.221178449,
2.230000000,4.339700475,0.000000000,0.669061927,0.045070175,-0.045070175,-0.669061927,0.224331936,-0.224331936,
2.240000000,4.343073609,-0.000000000,0.668303263,0.040543344,-0.040543344,-0.668303262,0.227435677,-0.227435676,
2.250000000,4.346467765,0.000000000,0.667513745,0.036022214,-0.036022214,-0.667513746,0.230494685,-0.230494684,
2.260000000,4.349886313,0.000000000,0.666695392,0.031508890,-0.031508890,-0.666695393,0.233504697,-0.233504697,
2.270000000,4.353305709,0.000000000,0.665848043,0.027001538,-0.027001538,-0.665848044,0.236468392,-0.236468392,
2.280000000,4.356710366,0.000000000,0.664972290,0.022499238,-0.022499238,-0.664972291,0.239385959,-0.239385959,
2.290000000,4.360088579,-0.000000000,0.664069161,0.018001533,-0.018001533,-0.664069160,0.242256259,-0.242256260,
2.300000000,4.363410461,0.000000000,0.663138224,0.013504919,-0.013504919,-0.663138224,0.245082258,-0.245082258,
2.310000000,4.366652271,0.000000000,0.662179702,0.009006606,-0.009006606,-0.662179703,0.247864727,-0.247864727,
2.320000000,4.369795485,0.000000000,0.661194418,0.004504517,-0.004504516,-0.661194419,0.250602574,-0.250602574,
2.330000000,4.372797965,0.000000000,0.660181332,-0.000007600,0.000007600,-0.660181332,0.253299445,-0.253299445,
2.340000000,4.375622797,-0.000000000,0.659140078,-0.004535386,0.004535387,-0.659140078,0.255956613,-0.255956613,
2.350000000,4.378225417,0.000000000,0.658069916,-0.009086038,0.009086038,-0.658069917,0.258575770,-0.258575770,
2.360000000,4.380560534,0.000000000,0.656970398,-0.013667063,0.013667063,-0.656970399,0.261157245,-0.261157245,
2.370000000,4.382556111,-0.000000000,0.655839260,-0.018291024,0.018291024,-0.655839259,0.263704955,-0.263704957,
2.380000000,4.384126788,-0.000000000,0.654673756,-0.022973218,0.022973218,-0.654673755,0.266222659,-0.266222661,
2.390000000,4.385167731,-0.000000000,0.653470391,-0.027732826,0.027732827,-0.653470390,0.268714233,-0.268714234,
2.400000000,4.385550264,0.000000000,0.652224899,-0.032593735,0.032593735,-0.652224899,0.271183202,-0.271183203,
2.410000000,4.385080033,0.000000000,0.650929465,-0.037592548,0.037592546,-0.650929465,0.273637775,-0.273637774,
2.420000000,4.383487966,0.000000000,0.649573098,-0.042780470,0.042780470,-0.649573098,0.276088069,-0.276088069,
2.430000000,4.380377679,0.000000000,0.648139362,-0.048233516,0.048233516,-0.648139362,0.278547834,-0.278547834,
2.440000000,4.375076297,0.000000000,0.646598938,-0.054081574,0.054081572,-0.646598937,0.281042698,-0.281042697,
2.450000000,4.366520399,0.000000000,0.644909420,-0.060523786,0.060523786,-0.644909420,0.283599561,-0.283599561,
2.460000000,4.353899453,0.000000000,0.643064399,-0.067734648,0.067734645,-0.643064399,0.286147159,-0.286147158,
2.470000000,4.321791264,0.000000001,0.640301969,-0.078716161,0.078716158,-0.640301968,0.289511927,-0.289511926,
