0.790000, 0.000000, -1.251328, 5.971466, 0.311719, 7.534514, 8.754585, 3.811785, 
0.800000, 0.000000, -1.247534, 5.974941, 0.308245, 7.530720, 8.752864, 3.813507, 
0.810000, 0.000000, -1.243747, 5.978440, 0.304746, 7.526932, 8.751144, 3.815227, 
0.820000, 0.000000, -1.239968, 5.981963, 0.301223, 7.523153, 8.749425, 3.816945, 
0.830000, 0.000000, -1.236195, 5.985511, 0.297674, 7.519380, 8.747709, 3.818662, 
0.840000, 0.000000, -1.232429, 5.989085, 0.294100, 7.515614, 8.745994, 3.820377, 
0.850000, 0.000000, -1.228670, 5.992683, 0.290502, 7.511855, 8.744280, 3.822091, 
0.860000, 0.000000, -1.224918, 5.996307, 0.286878, 7.508103, 8.742568, 3.823803, 
0.870000, 0.000000, -1.221172, 5.999957, 0.283228, 7.504357, 8.740858, 3.825513, 
0.880000, 0.000000, -1.217433, 6.003632, 0.279553, 7.500618, 8.739148, 3.827222, 
0.890000, 0.000000, -1.213700, 6.007333, 0.275852, 7.496886, 8.737441, 3.828929, 
0.900000, -0.000000, -1.209974, 6.011060, 0.272125, 7.493160, 8.735736, 3.830635, 
0.910000, 0.000000, -1.206255, 6.014813, 0.268372, 7.489440, 8.734031, 3.832340, 
0.920000, 0.000000, -1.202541, 6.018592, 0.264593, 7.485727, 8.732328, 3.834043, 
0.930000, -0.000000, -1.198834, 6.022398, 0.260787, 7.482020, 8.730627, 3.835744, 
0.940000, -0.000000, -1.195133, 6.026230, 0.256955, 7.478319, 8.728926, 3.837445, 
0.950000, 0.000000, -1.191439, 6.030089, 0.253096, 7.474624, 8.727227, 3.839143, 
0.960000, 0.000000, -1.187750, 6.033975, 0.249210, 7.470935, 8.725530, 3.840840, 
0.970000, 0.000000, -1.184067, 6.037888, 0.245297, 7.467252, 8.723834, 3.842536, 
0.980000, 0.000000, -1.180356, 6.041769, 0.241416, 7.463542, 8.722156, 3.844215, 
0.990000, -0.000000, -0.000076, 3.081912, 3.201273, 6.283262, 9.364946, 3.201425, 
1.000000, 0.000000, -0.000007, 3.071425, 3.211760, 6.283192, 9.354598, 3.211773, 
1.010000, 0.000000, -0.000001, 3.060990, 3.222196, 6.283186, 9.344174, 3.222197, 
1.020000, 0.000000, -0.000000, 3.050558, 3.232627, 6.283185, 9.333744, 3.232627, 
1.030000, 0.000000, -0.000000, 3.040124, 3.243061, 6.283185, 9.323309, 3.243061, 
1.040000, 0.000000, -0.000000, 3.029684, 3.253501, 6.283185, 9.312870, 3.253501, 
1.050000, -0.000000, -0.000000, 3.019239, 3.263946, 6.283185, 9.302425, 3.263946, 
1.060000, 0.000000, -0.000000, 3.008787, 3.274398, 6.283185, 9.291972, 3.274398, 
1.070000, 0.000000, -0.000000, 2.998325, 3.284861, 6.283185, 9.281510, 3.284861, 
1.080000, -0.000000, -0.000000, 2.987863, 3.295322, 6.283185, 9.271048, 3.295322, 
1.090000, -0.000000, -0.000000, 2.977394, 3.305791, 6.283185, 9.260579, 3.305791, 
1.100000, 0.000000, -0.000000, 2.966926, 3.316259, 6.283185, 9.250112, 3.316259, 
1.110000, 0.000000, -0.000000, 2.956438, 3.326747, 6.283185, 9.239624, 3.326747, 
1.120000, -0.000000, -0.000000, 2.945952, 3.337234, 6.283185, 9.229137, 3.337234, 
1.130000, 0.000000, -0.000000, 2.935456, 3.347729, 6.283185, 9.218642, 3.347729, 
1.140000, -0.000000, -0.000000, 2.924951, 3.358234, 6.283185, 9.208137, 3.358234, 
1.150000, 0.000000, -0.000000, 2.914443, 3.368743, 6.283185, 9.197628, 3.368743, 
1.160000, 0.000000, -0.000000, 2.903919, 3.379267, 6.283185, 9.187104, 3.379267, 
1.170000, -0.000000, -0.000000, 2.893394, 3.389791, 6.283185, 9.176580, 3.389791, 
1.180000, 0.000000, -0.000000, 2.882861, 3.400324, 6.283185, 9.166046, 3.400324, 
1.190000, -0.000000, -0.000000, 2.872319, 3.410867, 6.283185, 9.155504, 3.410867, 
1.200000, -0.000000, -0.000000, 2.861772, 3.421413, 6.283185, 9.144958, 3.421413, 
1.210000, -0.000000, -0.000000, 2.851210, 3.431976, 6.283185, 9.134395, 3.431976, 
1.220000, 0.000000, -0.000000, 2.840647, 3.442539, 6.283185, 9.123832, 3.442539, 
1.230000, 0.000000, -0.000000, 2.830076, 3.453109, 6.283185, 9.113261, 3.453109, 
1.240000, 0.000000, -0.000000, 2.819496, 3.463689, 6.283185, 9.102681, 3.463689, 
1.250000, -0.000000, -0.000000, 2.808912, 3.474273, 6.283185, 9.092098, 3.474273, 
1.260000, 0.000000, -0.000000, 2.798313, 3.484872, 6.283185, 9.081498, 3.484872, 
1.270000, 0.000000, -0.000000, 2.787716, 3.495469, 6.283185, 9.070902, 3.495469, 
1.280000, -0.000000, -0.000000, 2.777102, 3.506083, 6.283185, 9.060288, 3.506083, 
1.290000, -0.000000, -0.000000, 2.766491, 3.516694, 6.283185, 9.049676, 3.516694, 
1.300000, -0.000000, -0.000000, 2.755878, 3.527308, 6.283185, 9.039063, 3.527308, 
1.310000, 0.000000, -0.000000, 2.745251, 3.537935, 6.283185, 9.028436, 3.537935, 
1.320000, -0.000000, -0.000000, 2.734626, 3.548560, 6.283185, 9.017811, 3.548560, 
1.330000, -0.000000, 0.000000, 2.724000, 3.559185, 6.283185, 9.007186, 3.559185, 
1.340000, 0.000000, -0.000000, 2.713362, 3.569824, 6.283185, 8.996547, 3.569824, 
1.350000, -0.000000, 0.000000, 2.702727, 3.580459, 6.283185, 8.985912, 3.580459, 
1.360000, -0.000000, -0.000000, 2.692098, 3.591087, 6.283185, 8.975283, 3.591087, 
1.370000, -0.000000, 0.000000, 2.681459, 3.601727, 6.283185, 8.964644, 3.601727, 
1.380000, 0.000000, -0.000000, 2.670827, 3.612358, 6.283185, 8.954013, 3.612358, 
1.390000, 0.000000, -0.000000, 2.660201, 3.622985, 6.283185, 8.943386, 3.622985, 
1.400000, -0.000000, 0.000000, 2.649567, 3.633619, 6.283185, 8.932752, 3.633619, 
1.410000, -0.000000, -0.000000, 2.638947, 3.644239, 6.283185, 8.922132, 3.644239, 
1.420000, -0.000000, 0.000000, 2.628335, 3.654850, 6.283185, 8.911520, 3.654850, 
1.430000, -0.000000, 0.000000, 2.617723, 3.665462, 6.283185, 8.900909, 3.665462, 
1.440000, -0.000000, 0.000000, 2.607130, 3.676055, 6.283185, 8.890316, 3.676055, 
1.450000, -0.000000, 0.000000, 2.596549, 3.686636, 6.283185, 8.879735, 3.686636, 
1.460000, -0.000000, 0.000000, 2.585978, 3.697207, 6.283185, 8.869163, 3.697207, 
1.470000, -0.000000, 0.000000, 2.575420, 3.707766, 6.283185, 8.858605, 3.707766, 
1.480000, -0.000000, 0.000000, 2.564886, 3.718299, 6.283185, 8.848072, 3.718299, 
1.490000, -0.000000, 0.000000, 2.554371, 3.728814, 6.283185, 8.837556, 3.728814, 
1.500000, -0.000000, 0.000000, 2.543880, 3.739305, 6.283185, 8.827066, 3.739305, 
1.510000, -0.000000, 0.000000, 2.533413, 3.749772, 6.283185, 8.816598, 3.749772, 
1.520000, -0.000000, 0.000000, 2.522971, 3.760214, 6.283185, 8.806156, 3.760214, 
1.530000, -0.000000, 0.000000, 2.512566, 3.770619, 6.283185, 8.795751, 3.770619, 
1.540000, -0.000000, 0.000000, 2.502195, 3.780991, 6.283185, 8.785380, 3.780991, 
1.550000, -0.000000, 0.000000, 2.491857, 3.791329, 6.283185, 8.775042, 3.791329, 
1.560000, -0.000000, 0.000000, 2.481569, 3.801616, 6.283185, 8.764754, 3.801616, 
1.570000, -0.000000, 0.000000, 2.471311, 3.811874, 6.283185, 8.754497, 3.811874, 
1.580000, -0.000000, 0.000000, 2.461116, 3.822069, 6.283185, 8.744301, 3.822069, 
1.590000, -0.000000, 0.000000, 2.450965, 3.832221, 6.283185, 8.734150, 3.832221, 
1.600000, -0.000000, 0.000000, 2.440864, 3.842321, 6.283185, 8.724049, 3.842321, 
1.610000, -0.000000, 0.000000, 2.430822, 3.852363, 6.283185, 8.714008, 3.852363, 
1.620000, -0.000000, 0.000000, 2.420851, 3.862335, 6.283185, 8.704036, 3.862335, 
1.630000, -0.000000, 0.000000, 2.410939, 3.872246, 6.283185, 8.694124, 3.872246, 
1.640000, -0.000000, 0.000000, 2.401093, 3.882092, 6.283185, 8.684278, 3.882092, 
1.650000, -0.000000, 0.000000, 2.391331, 3.891854, 6.283185, 8.674516, 3.891854, 
1.660000, -0.000000, 0.000000, 2.381637, 3.901549, 6.283185, 8.664822, 3.901549, 
1.670000, -0.000000, 0.000000, 2.372032, 3.911154, 6.283185, 8.655217, 3.911154, 
1.680000, -0.000000, 0.000000, 2.362515, 3.920671, 6.283185, 8.645700, 3.920671, 
1.690000, -0.000000, 0.000000, 2.353083, 3.930102, 6.283185, 8.636268, 3.930102, 
1.700000, -0.000000, 0.000000, 2.343745, 3.939440, 6.283185, 8.626930, 3.939440, 
1.710000, -0.000000, 0.000000, 2.334497, 3.948688, 6.283185, 8.617683, 3.948688, 
1.720000, -0.000000, 0.000000, 2.325359, 3.957826, 6.283185, 8.608544, 3.957826, 
1.730000, -0.000000, 0.000000, 2.316322, 3.966863, 6.283185, 8.599508, 3.966863, 
1.740000, -0.000000, 0.000000, 2.307394, 3.975791, 6.283185, 8.590579, 3.975791, 
1.750000, -0.000000, 0.000000, 2.298583, 3.984602, 6.283185, 8.581768, 3.984602, 
1.760000, -0.000000, 0.000000, 2.289880, 3.993306, 6.283185, 8.573065, 3.993306, 
1.770000, 0.000000, 0.000000, 2.281292, 4.001893, 6.283185, 8.564477, 4.001893, 
1.780000, 0.000000, -0.000000, 2.272822, 4.010363, 6.283185, 8.556008, 4.010363, 
1.790000, 0.000000, -0.000000, 2.264486, 4.018699, 6.283185, 8.547671, 4.018699, 
1.800000, 0.000000, -0.000000, 2.256266, 4.026920, 6.283185, 8.539451, 4.026920, 
1.810000, 0.000000, -0.000000, 2.248180, 4.035005, 6.283185, 8.531366, 4.035005, 
1.820000, 0.000000, -0.000000, 2.240214, 4.042972, 6.283185, 8.523399, 4.042972, 
1.830000, 0.000000, -0.000000, 2.232384, 4.050801, 6.283185, 8.515570, 4.050801, 
1.840000, 0.000000, -0.000000, 2.224690, 4.058495, 6.283185, 8.507875, 4.058495, 
1.850000, 0.000000, -0.000000, 2.217119, 4.066066, 6.283185, 8.500304, 4.066066, 
1.860000, 0.000000, -0.000000, 2.209688, 4.073498, 6.283185, 8.492873, 4.073498, 
1.870000, 0.000000, -0.000000, 2.202390, 4.080795, 6.283185, 8.485575, 4.080795, 
1.880000, 0.000000, -0.000000, 2.195228, 4.087957, 6.283185, 8.478414, 4.087957, 
1.890000, 0.000000, -0.000000, 2.188204, 4.094982, 6.283185, 8.471389, 4.094982, 
1.900000, 0.000000, -0.000000, 2.181313, 4.101872, 6.283185, 8.464498, 4.101872, 
1.910000, 0.000000, -0.000000, 2.174555, 4.108631, 6.283185, 8.457740, 4.108631, 
1.920000, 0.000000, -0.000000, 2.167933, 4.115253, 6.283185, 8.451118, 4.115253, 
1.930000, 0.000000, -0.000000, 2.161443, 4.121742, 6.283185, 8.444628, 4.121742, 
1.940000, 0.000000, -0.000000, 2.155086, 4.128099, 6.283185, 8.438271, 4.128099, 
1.950000, 0.000000, -0.000000, 2.148858, 4.134328, 6.283185, 8.432043, 4.134328, 
1.960000, 0.000000, -0.000000, 2.142769, 4.140416, 6.283185, 8.425955, 4.140416, 
1.970000, 0.000000, -0.000000, 2.136801, 4.146384, 6.283185, 8.419987, 4.146384, 
1.980000, 0.000000, -0.000000, 2.130964, 4.152222, 6.283185, 8.414149, 4.152222, 
1.990000, 0.000000, -0.000000, 2.125248, 4.157938, 6.283185, 8.408433, 4.157938, 
2.000000, 0.000000, -0.000000, 2.119665, 4.163521, 6.283185, 8.402850, 4.163521, 
2.010000, 0.000000, -0.000000, 2.114197, 4.168988, 6.283185, 8.397382, 4.168988, 
2.020000, 0.000000, -0.000000, 2.108850, 4.174336, 6.283185, 8.392035, 4.174336, 
2.030000, 0.000000, -0.000000, 2.103627, 4.179558, 6.283185, 8.386812, 4.179558, 
2.040000, 0.000000, -0.000000, 2.098513, 4.184672, 6.283185, 8.381698, 4.184672, 
2.050000, 0.000000, -0.000000, 2.093512, 4.189673, 6.283185, 8.376697, 4.189673, 
2.060000, 0.000000, -0.000000, 2.088633, 4.194553, 6.283185, 8.371818, 4.194553, 
2.070000, 0.000000, -0.000000, 2.083854, 4.199331, 6.283185, 8.367040, 4.199331, 
2.080000, 0.000000, -0.000000, 2.079182, 4.204004, 6.283185, 8.362367, 4.204004, 
2.090000, 0.000000, -0.000000, 2.074621, 4.208565, 6.283185, 8.357806, 4.208565, 
2.100000, 0.000000, -0.000000, 2.070159, 4.213027, 6.283185, 8.353344, 4.213027, 
2.110000, 0.000000, -0.000000, 2.065795, 4.217390, 6.283185, 8.348981, 4.217390, 
2.120000, 0.000000, -0.000000, 2.061536, 4.221650, 6.283185, 8.344721, 4.221650, 
2.130000, 0.000000, -0.000000, 2.057372, 4.225813, 6.283185, 8.340558, 4.225813, 
2.140000, 0.000000, -0.000000, 2.053296, 4.229889, 6.283185, 8.336482, 4.229889, 
2.150000, 0.000000, -0.000000, 2.049312, 4.233873, 6.283185, 8.332497, 4.233873, 
2.160000, 0.000000, -0.000000, 2.045424, 4.237762, 6.283185, 8.328609, 4.237762, 
2.170000, 0.000000, -0.000000, 2.041613, 4.241572, 6.283185, 8.324799, 4.241572, 
2.180000, 0.000000, -0.000000, 2.037896, 4.245290, 6.283185, 8.321081, 4.245290, 
2.190000, 0.000000, -0.000000, 2.034255, 4.248931, 6.283185, 8.317440, 4.248931, 
2.200000, 0.000000, -0.000000, 2.030694, 4.252491, 6.283185, 8.313879, 4.252491, 
2.210000, 0.000000, -0.000000, 2.027218, 4.255967, 6.283185, 8.310403, 4.255967, 
2.220000, 0.000000, -0.000000, 2.023811, 4.259375, 6.283185, 8.306996, 4.259375, 
2.230000, 0.000000, -0.000000, 2.020484, 4.262701, 6.283185, 8.303669, 4.262701, 
2.240000, 0.000000, -0.000000, 2.017226, 4.265959, 6.283185, 8.300412, 4.265959, 
2.250000, 0.000000, -0.000000, 2.014038, 4.269147, 6.283185, 8.297223, 4.269147, 
2.260000, 0.000000, -0.000000, 2.010924, 4.272261, 6.283185, 8.294109, 4.272261, 
2.270000, 0.000000, -0.000000, 2.007870, 4.275315, 6.283185, 8.291055, 4.275315, 
2.280000, 0.000000, -0.000000, 2.004887, 4.278298, 6.283185, 8.288072, 4.278298, 
2.290000, 0.000000, -0.000000, 2.001964, 4.281221, 6.283185, 8.285149, 4.281221, 
2.300000, 0.000000, -0.000000, 1.999102, 4.284083, 6.283185, 8.282287, 4.284083, 
2.310000, 0.000000, -0.000000, 1.996298, 4.286887, 6.283185, 8.279484, 4.286887, 
2.320000, 0.000000, -0.000000, 1.993559, 4.289626, 6.283185, 8.276745, 4.289626, 
2.330000, 0.000000, -0.000000, 1.990872, 4.292314, 6.283185, 8.274057, 4.292314, 
2.340000, 0.000000, -0.000000, 1.988242, 4.294943, 6.283185, 8.271427, 4.294943, 
2.350000, 0.000000, -0.000000, 1.985664, 4.297522, 6.283185, 8.268849, 4.297522, 
2.360000, 0.000000, -0.000000, 1.983144, 4.300041, 6.283185, 8.266329, 4.300041, 
2.370000, 0.000000, -0.000000, 1.980670, 4.302516, 6.283185, 8.263855, 4.302516, 
2.380000, 0.000000, -0.000000, 1.978244, 4.304942, 6.283185, 8.261429, 4.304942, 
2.390000, 0.000000, -0.000000, 1.975873, 4.307312, 6.283185, 8.259058, 4.307312, 
2.400000, 0.000000, -0.000000, 1.973546, 4.309640, 6.283185, 8.256731, 4.309640, 
2.410000, 0.000000, -0.000000, 1.971264, 4.311922, 6.283185, 8.254449, 4.311922, 
2.420000, 0.000000, -0.000000, 1.969026, 4.314159, 6.283185, 8.252212, 4.314159, 
2.430000, 0.000000, -0.000000, 1.966831, 4.316354, 6.283185, 8.250016, 4.316354, 
2.440000, 0.000000, -0.000000, 1.964684, 4.318501, 6.283185, 8.247870, 4.318501, 
2.450000, 0.000000, -0.000000, 1.962573, 4.320612, 6.283185, 8.245759, 4.320612, 
2.460000, 0.000000, 0.000000, 1.960503, 4.322682, 6.283185, 8.243688, 4.322682, 
2.470000, 0.000000, -0.000000, 1.958473, 4.324713, 6.283185, 8.241658, 4.324712, 
2.480000, 0.000000, 0.000001, 1.956481, 4.326704, 6.283185, 8.239665, 4.326706, 
2.490000, 0.000000, -0.000003, 1.954524, 4.328662, 6.283188, 8.237717, 4.328653, 
