0.000000, 0.026180, 1.570796, 2.617994, 3.665191, 4.712389, 5.759587, 6.806784, 
0.010000, 0.026180, 1.566617, 2.615814, 3.667182, 4.716568, 5.761776, 6.804784, 
0.020000, 0.026180, 1.562398, 2.613625, 3.669181, 4.720785, 5.763996, 6.802757, 
0.030000, 0.026180, 1.558232, 2.611472, 3.671146, 4.724948, 5.766199, 6.800744, 
0.040000, 0.026180, 1.554025, 2.609309, 3.673121, 4.729151, 5.768434, 6.798702, 
0.050000, 0.026180, 1.549813, 2.607151, 3.675090, 4.733358, 5.770683, 6.796647, 
0.060000, 0.026180, 1.545618, 2.605012, 3.677042, 4.737546, 5.772934, 6.794590, 
0.070000, 0.026180, 1.541434, 2.602888, 3.678980, 4.741722, 5.775190, 6.792527, 
0.080000, 0.026180, 1.537266, 2.600780, 3.680904, 4.745882, 5.777450, 6.790460, 
0.090000, 0.026180, 1.533044, 2.598653, 3.682844, 4.750093, 5.779750, 6.788357, 
0.100000, 0.026180, 1.528868, 2.596558, 3.684755, 4.754257, 5.782038, 6.786264, 
0.110000, 0.026180, 1.524677, 2.594463, 3.686667, 4.758437, 5.784347, 6.784151, 
0.120000, 0.026180, 1.520491, 2.592378, 3.688568, 4.762609, 5.786666, 6.782030, 
0.130000, 0.026179, 1.516299, 2.590297, 3.690466, 4.766786, 5.789001, 6.779892, 
0.140000, 0.026179, 1.512122, 2.588232, 3.692350, 4.770947, 5.791341, 6.777749, 
0.150000, 0.026178, 1.507929, 2.586164, 3.694235, 4.775123, 5.793704, 6.775586, 
0.160000, 0.026178, 1.503750, 2.584111, 3.696107, 4.779284, 5.796073, 6.773415, 
0.170000, 0.026176, 1.499571, 2.582064, 3.697974, 4.783444, 5.798457, 6.771232, 
0.180000, 0.026175, 1.495396, 2.580026, 3.699833, 4.787599, 5.800852, 6.769036, 
0.190000, 0.026172, 1.491224, 2.577995, 3.701685, 4.791749, 5.803261, 6.766828, 
0.200000, 0.026169, 1.487053, 2.575970, 3.703531, 4.795897, 5.805684, 6.764606, 
0.210000, 0.026165, 1.482885, 2.573952, 3.705371, 4.800041, 5.808121, 6.762370, 
0.220000, 0.026160, 1.478721, 2.571942, 3.707205, 4.804181, 5.810572, 6.760121, 
0.230000, 0.026153, 1.474556, 2.569937, 3.709034, 4.808320, 5.813038, 6.757857, 
0.240000, 0.026144, 1.470398, 2.567940, 3.710856, 4.812451, 5.815516, 6.755580, 
0.250000, 0.026132, 1.466240, 2.565948, 3.712674, 4.816581, 5.818011, 6.753287, 
0.260000, 0.026119, 1.462121, 2.563980, 3.714471, 4.820672, 5.820501, 6.750996, 
0.270000, 0.026100, 1.457941, 2.561986, 3.716292, 4.824822, 5.823040, 6.748660, 
0.280000, 0.026079, 1.453797, 2.560015, 3.718093, 4.828936, 5.825577, 6.746323, 
0.290000, 0.026053, 1.449681, 2.558062, 3.719879, 4.833020, 5.828116, 6.743983, 
0.300000, 0.026021, 1.445518, 2.556090, 3.721684, 4.837151, 5.830696, 6.741602, 
0.310000, 0.025983, 1.441403, 2.554147, 3.723464, 4.841232, 5.833268, 6.739226, 
0.320000, 0.025938, 1.437282, 2.552203, 3.725247, 4.845320, 5.835861, 6.736828, 
0.330000, 0.025883, 1.433148, 2.550260, 3.727032, 4.849419, 5.838477, 6.734405, 
0.340000, 0.025819, 1.429037, 2.548330, 3.728807, 4.853496, 5.841099, 6.731972, 
0.350000, 0.025744, 1.424920, 2.546402, 3.730584, 4.857578, 5.843740, 6.729516, 
0.360000, 0.025656, 1.420817, 2.544485, 3.732355, 4.861645, 5.846392, 6.727047, 
0.370000, 0.025555, 1.416717, 2.542575, 3.734125, 4.865709, 5.849059, 6.724556, 
0.380000, 0.025437, 1.412617, 2.540669, 3.735896, 4.869773, 5.851743, 6.722043, 
0.390000, 0.025302, 1.408523, 2.538771, 3.737665, 4.873831, 5.854440, 6.719510, 
0.400000, 0.025146, 1.404435, 2.536881, 3.739434, 4.877884, 5.857150, 6.716956, 
0.410000, 0.024968, 1.400353, 2.535000, 3.741203, 4.881930, 5.859873, 6.714379, 
0.420000, 0.024766, 1.396278, 2.533128, 3.742973, 4.885972, 5.862609, 6.711780, 
0.430000, 0.024537, 1.392209, 2.531265, 3.744744, 4.890008, 5.865357, 6.709156, 
0.440000, 0.024279, 1.388146, 2.529412, 3.746518, 4.894038, 5.868117, 6.706508, 
0.450000, 0.023990, 1.384091, 2.527569, 3.748295, 4.898063, 5.870887, 6.703834, 
0.460000, 0.023670, 1.380041, 2.525736, 3.750075, 4.902084, 5.873669, 6.701134, 
0.470000, 0.023308, 1.376000, 2.523916, 3.751859, 4.906099, 5.876459, 6.698405, 
0.480000, 0.022907, 1.371963, 2.522107, 3.753651, 4.910112, 5.879259, 6.695645, 
0.490000, 0.022466, 1.367937, 2.520312, 3.755448, 4.914117, 5.882067, 6.692857, 
0.500000, 0.021996, 1.363929, 2.518530, 3.757247, 4.918108, 5.884880, 6.690044, 
0.510000, 0.021482, 1.359919, 2.516760, 3.759055, 4.922103, 5.887705, 6.687196, 
0.520000, 0.020923, 1.355918, 2.515004, 3.760871, 4.926094, 5.890536, 6.684314, 
0.530000, 0.020320, 1.351926, 2.513262, 3.762697, 4.930079, 5.893374, 6.681399, 
0.540000, 0.019671, 1.347942, 2.511536, 3.764531, 4.934061, 5.896217, 6.678449, 
0.550000, 0.018973, 1.343969, 2.509826, 3.766375, 4.938038, 5.899065, 6.675463, 
0.560000, 0.018232, 1.340005, 2.508131, 3.768229, 4.942011, 5.901918, 6.672442, 
0.570000, 0.017448, 1.336050, 2.506451, 3.770094, 4.945980, 5.904776, 6.669384, 
0.580000, 0.016626, 1.332105, 2.504787, 3.771968, 4.949944, 5.907640, 6.666290, 
0.590000, 0.015768, 1.328170, 2.503138, 3.773852, 4.953905, 5.910510, 6.663160, 
0.600000, 0.014878, 1.324245, 2.501502, 3.775744, 4.957861, 5.913387, 6.659995, 
0.610000, 0.013962, 1.320330, 2.499881, 3.777646, 4.961813, 5.916271, 6.656794, 
0.620000, 0.013032, 1.316424, 2.498270, 3.779553, 4.965760, 5.919166, 6.653561, 
0.630000, 0.012092, 1.312528, 2.496669, 3.781466, 4.969702, 5.922071, 6.650297, 
0.640000, 0.011141, 1.308642, 2.495080, 3.783384, 4.973639, 5.924988, 6.647001, 
0.650000, 0.010198, 1.304765, 2.493496, 3.785304, 4.977569, 5.927922, 6.643677, 
0.660000, 0.009281, 1.300895, 2.491913, 3.787225, 4.981495, 5.930877, 6.640329, 
0.670000, 0.008360, 1.297039, 2.490344, 3.789144, 4.985411, 5.933842, 6.636953, 
0.680000, 0.007476, 1.293187, 2.488770, 3.791064, 4.989325, 5.936835, 6.633554, 
0.690000, 0.006616, 1.289345, 2.487202, 3.792977, 4.993228, 5.939847, 6.630135, 
0.700000, 0.005845, 1.285478, 2.485600, 3.794894, 4.997154, 5.942918, 6.626692, 
0.710000, 0.005100, 1.281658, 2.484023, 3.796782, 5.001032, 5.945988, 6.623251, 
0.720000, 0.004401, 1.277836, 2.482437, 3.798668, 5.004912, 5.949094, 6.619788, 
0.730000, 0.003756, 1.274021, 2.480844, 3.800543, 5.008783, 5.952233, 6.616312, 
0.740000, 0.003167, 1.270211, 2.479244, 3.802406, 5.012645, 5.955407, 6.612824, 
0.750000, 0.002637, 1.266406, 2.477635, 3.804256, 5.016498, 5.958616, 6.609325, 
0.760000, 0.002169, 1.262606, 2.476015, 3.806092, 5.020343, 5.961864, 6.605817, 
0.770000, 0.001756, 1.258814, 2.474387, 3.807914, 5.024176, 5.965147, 6.602299, 
0.780000, 0.001403, 1.255023, 2.472747, 3.809724, 5.028003, 5.968471, 6.598770, 
0.790000, 0.001103, 1.251240, 2.471098, 3.811519, 5.031818, 5.971832, 6.595233, 
0.800000, 0.000853, 1.247460, 2.469439, 3.813301, 5.035625, 5.975231, 6.591684, 
0.810000, 0.000648, 1.243686, 2.467772, 3.815072, 5.039422, 5.978666, 6.588123, 
0.820000, 0.000483, 1.239916, 2.466096, 3.816831, 5.043210, 5.982138, 6.584549, 
0.830000, 0.000353, 1.236151, 2.464414, 3.818581, 5.046990, 5.985645, 6.580960, 
0.840000, 0.000253, 1.232392, 2.462726, 3.820321, 5.050761, 5.989185, 6.577355, 
0.850000, 0.000177, 1.228638, 2.461034, 3.822054, 5.054524, 5.992759, 6.573732, 
0.860000, 0.000121, 1.224890, 2.459338, 3.823780, 5.058279, 5.996364, 6.570090, 
0.870000, 0.000081, 1.221148, 2.457639, 3.825501, 5.062027, 5.999999, 6.566428, 
0.880000, 0.000053, 1.217411, 2.455939, 3.827216, 5.065767, 6.003664, 6.562744, 
0.890000, 0.000034, 1.213680, 2.454238, 3.828928, 5.069500, 6.007357, 6.559038, 
0.900000, 0.000021, 1.209956, 2.452536, 3.830637, 5.073226, 6.011079, 6.555307, 
0.910000, 0.000013, 1.206231, 2.450832, 3.832346, 5.076953, 6.014832, 6.551548, 
0.920000, 0.000007, 1.202522, 2.449133, 3.834048, 5.080663, 6.018607, 6.547769, 
0.930000, 0.000004, 1.198815, 2.447434, 3.835749, 5.084370, 6.022411, 6.543963, 
0.940000, 0.000002, 1.195115, 2.445735, 3.837449, 5.088070, 6.026242, 6.540131, 
0.950000, 0.000001, 1.191421, 2.444037, 3.839148, 5.091764, 6.030099, 6.536272, 
0.960000, 0.000001, 1.187733, 2.442341, 3.840844, 5.095452, 6.033984, 6.532387, 
0.970000, 0.000000, 1.184051, 2.440645, 3.842540, 5.099134, 6.037896, 6.528475, 
0.980000, 0.000000, 1.180374, 2.438952, 3.844234, 5.102811, 6.041835, 6.524536, 
0.990000, 0.000000, 1.176703, 2.437259, 3.845926, 5.106482, 6.045801, 6.520569, 
1.000000, 0.000000, 1.173038, 2.435568, 3.847618, 5.110147, 6.049796, 6.516575, 
1.010000, 0.000000, 1.169378, 2.433877, 3.849308, 5.113807, 6.053817, 6.512553, 
1.020000, 0.000000, 1.165723, 2.432189, 3.850997, 5.117462, 6.057867, 6.508504, 
1.030000, 0.000000, 1.162074, 2.430501, 3.852684, 5.121111, 6.061944, 6.504426, 
1.040000, 0.000000, 1.158429, 2.428815, 3.854370, 5.124756, 6.066050, 6.500320, 
1.050000, 0.000000, 1.154790, 2.427131, 3.856055, 5.128395, 6.070184, 6.496187, 
1.060000, 0.000000, 1.151156, 2.425447, 3.857738, 5.132030, 6.074346, 6.492024, 
1.070000, 0.000000, 1.147526, 2.423765, 3.859421, 5.135660, 6.078538, 6.487833, 
1.080000, 0.000000, 1.143900, 2.422083, 3.861102, 5.139285, 6.082757, 6.483613, 
1.090000, 0.000000, 1.140279, 2.420403, 3.862782, 5.142906, 6.087007, 6.479364, 
1.100000, 0.000000, 1.136662, 2.418724, 3.864461, 5.146523, 6.091285, 6.475086, 
1.110000, 0.000000, 1.133050, 2.417047, 3.866138, 5.150136, 6.095592, 6.470778, 
1.120000, 0.000000, 1.129441, 2.415371, 3.867815, 5.153744, 6.099929, 6.466442, 
1.130000, -0.000000, 1.125836, 2.413696, 3.869490, 5.157349, 6.104295, 6.462075, 
1.140000, -0.000000, 1.122234, 2.412023, 3.871162, 5.160951, 6.108689, 6.457681, 
1.150000, -0.000000, 1.118637, 2.410349, 3.872836, 5.164549, 6.113117, 6.453254, 
1.160000, -0.000000, 1.115043, 2.408679, 3.874506, 5.168142, 6.117571, 6.448800, 
1.170000, -0.000000, 1.111453, 2.407009, 3.876176, 5.171733, 6.122057, 6.444313, 
1.180000, -0.000000, 1.107865, 2.405340, 3.877845, 5.175321, 6.126574, 6.439796, 
1.190000, -0.000000, 1.104279, 2.403672, 3.879514, 5.178906, 6.131122, 6.435249, 
1.200000, -0.000000, 1.100697, 2.402005, 3.881181, 5.182488, 6.135701, 6.430670, 
1.210000, -0.000000, 1.097117, 2.400339, 3.882847, 5.186068, 6.140310, 6.426060, 
1.220000, -0.000000, 1.093540, 2.398674, 3.884511, 5.189646, 6.144951, 6.421420, 
1.230000, -0.000000, 1.089964, 2.397010, 3.886175, 5.193221, 6.149623, 6.416747, 
1.240000, -0.000000, 1.086391, 2.395348, 3.887837, 5.196794, 6.154327, 6.412043, 
1.250000, -0.000000, 1.082819, 2.393686, 3.889500, 5.200366, 6.159064, 6.407306, 
1.260000, -0.000000, 1.079249, 2.392026, 3.891160, 5.203936, 6.163832, 6.402539, 
1.270000, -0.000000, 1.075684, 2.390372, 3.892813, 5.207501, 6.168619, 6.397751, 
1.280000, -0.000000, 1.072118, 2.388715, 3.894471, 5.211068, 6.173450, 6.392920, 
1.290000, -0.000000, 1.068547, 2.387052, 3.896133, 5.214638, 6.178327, 6.388044, 
1.300000, -0.000000, 1.064984, 2.385400, 3.897785, 5.218202, 6.183215, 6.383155, 
1.310000, -0.000000, 1.061419, 2.383745, 3.899440, 5.221766, 6.188146, 6.378225, 
1.320000, -0.000000, 1.057855, 2.382092, 3.901094, 5.225331, 6.193108, 6.373263, 
1.330000, -0.000000, 1.054288, 2.380437, 3.902748, 5.228897, 6.198108, 6.368262, 
1.340000, -0.000000, 1.050722, 2.378783, 3.904402, 5.232463, 6.203146, 6.363225, 
1.350000, -0.000000, 1.047157, 2.377132, 3.906053, 5.236029, 6.208211, 6.358159, 
1.360000, 0.000000, 1.043591, 2.375482, 3.907703, 5.239594, 6.213311, 6.353060, 
1.370000, 0.000000, 1.040025, 2.373833, 3.909352, 5.243161, 6.218445, 6.347926, 
1.380000, -0.000000, 1.036457, 2.372185, 3.911000, 5.246728, 6.223614, 6.342757, 
1.390000, -0.000000, 1.032889, 2.370538, 3.912647, 5.250297, 6.228818, 6.337553, 
1.400000, -0.000000, 1.029318, 2.368892, 3.914294, 5.253867, 6.234057, 6.332314, 
1.410000, -0.000000, 1.025751, 2.367251, 3.915934, 5.257434, 6.239312, 6.327059, 
1.420000, -0.000000, 1.022176, 2.365605, 3.917580, 5.261010, 6.244628, 6.321743, 
1.430000, -0.000000, 1.018599, 2.363961, 3.919224, 5.264586, 6.249974, 6.316397, 
1.440000, -0.000000, 1.015021, 2.362319, 3.920866, 5.268164, 6.255353, 6.311017, 
1.450000, -0.000000, 1.011439, 2.360676, 3.922509, 5.271746, 6.260776, 6.305595, 
1.460000, -0.000000, 1.007854, 2.359035, 3.924151, 5.275331, 6.266233, 6.300137, 
1.470000, -0.000000, 1.004266, 2.357394, 3.925792, 5.278920, 6.271729, 6.294642, 
1.480000, -0.000000, 1.000674, 2.355754, 3.927432, 5.282512, 6.277262, 6.289109, 
1.490000, -0.000000, 0.997078, 2.354114, 3.929071, 5.286108, 6.282833, 6.283538, 
1.500000, -0.000000, 0.993477, 2.352476, 3.930710, 5.289708, 6.288442, 6.277928, 
1.510000, -0.000000, 0.989873, 2.350837, 3.932348, 5.293313, 6.294091, 6.272280, 
1.520000, -0.000000, 0.986263, 2.349200, 3.933985, 5.296922, 6.299779, 6.266592, 
1.530000, -0.000000, 0.982648, 2.347563, 3.935622, 5.300537, 6.305505, 6.260865, 
1.540000, -0.000000, 0.979028, 2.345927, 3.937258, 5.304157, 6.311272, 6.255099, 
1.550000, -0.000000, 0.975402, 2.344291, 3.938894, 5.307783, 6.317080, 6.249291, 
1.560000, -0.000000, 0.971770, 2.342656, 3.940529, 5.311415, 6.322928, 6.243443, 
1.570000, -0.000000, 0.968131, 2.341021, 3.942164, 5.315054, 6.328818, 6.237553, 
1.580000, -0.000000, 0.964489, 2.339387, 3.943798, 5.318697, 6.334726, 6.231645, 
1.590000, 0.000000, 0.960835, 2.337753, 3.945433, 5.322351, 6.340711, 6.225660, 
1.600000, -0.000000, 0.957175, 2.336119, 3.947066, 5.326010, 6.346718, 6.219652, 
1.610000, -0.000000, 0.953506, 2.334485, 3.948700, 5.329679, 6.352787, 6.213584, 
1.620000, -0.000000, 0.949830, 2.332852, 3.950334, 5.333355, 6.358881, 6.207489, 
1.630000, -0.000000, 0.946144, 2.331218, 3.951967, 5.337041, 6.365037, 6.201333, 
1.640000, 0.000000, 0.942451, 2.329585, 3.953600, 5.340734, 6.371221, 6.195150, 
1.650000, -0.000000, 0.938746, 2.327952, 3.955233, 5.344439, 6.377467, 6.188904, 
1.660000, -0.000000, 0.935033, 2.326319, 3.956867, 5.348152, 6.383743, 6.182628, 
1.670000, 0.000000, 0.931310, 2.324685, 3.958500, 5.351875, 6.390058, 6.176313, 
1.680000, -0.000000, 0.927575, 2.323052, 3.960134, 5.355610, 6.396437, 6.169934, 
1.690000, -0.000000, 0.923829, 2.321418, 3.961767, 5.359356, 6.402863, 6.163507, 
1.700000, 0.000000, 0.920071, 2.319784, 3.963401, 5.363114, 6.409338, 6.157032, 
1.710000, 0.000000, 0.916301, 2.318150, 3.965035, 5.366884, 6.415863, 6.150508, 
1.720000, -0.000000, 0.912518, 2.316515, 3.966670, 5.370667, 6.422438, 6.143933, 
1.730000, -0.000000, 0.908723, 2.314880, 3.968305, 5.374463, 6.429063, 6.137308, 
1.740000, -0.000000, 0.904913, 2.313244, 3.969941, 5.378272, 6.435739, 6.130631, 
1.750000, -0.000000, 0.901089, 2.311608, 3.971577, 5.382096, 6.442469, 6.123902, 
1.760000, -0.000000, 0.897254, 2.309970, 3.973215, 5.385932, 6.449231, 6.117139, 
1.770000, -0.000000, 0.893400, 2.308332, 3.974853, 5.389786, 6.456062, 6.110309, 
1.780000, -0.000000, 0.889530, 2.306693, 3.976492, 5.393655, 6.462953, 6.103417, 
1.790000, -0.000000, 0.885644, 2.305053, 3.978132, 5.397542, 6.469902, 6.096469, 
1.800000, -0.000000, 0.881740, 2.303412, 3.979773, 5.401445, 6.476908, 6.089463, 
1.810000, -0.000000, 0.877820, 2.301770, 3.981416, 5.405365, 6.483984, 6.082387, 
1.820000, -0.000000, 0.873881, 2.300126, 3.983059, 5.409305, 6.491107, 6.075264, 
1.830000, 0.000000, 0.869919, 2.298479, 3.984706, 5.413266, 6.498283, 6.068087, 
1.840000, -0.000000, 0.865942, 2.296835, 3.986350, 5.417243, 6.505530, 6.060841, 
1.850000, -0.000000, 0.861940, 2.295185, 3.988000, 5.421245, 6.512845, 6.053525, 
1.860000, -0.000000, 0.857921, 2.293537, 3.989648, 5.425264, 6.520217, 6.046153, 
1.870000, -0.000000, 0.853878, 2.291885, 3.991300, 5.429307, 6.527660, 6.038710, 
1.880000, -0.000000, 0.849808, 2.290230, 3.992955, 5.433377, 6.535190, 6.031180, 
1.890000, -0.000000, 0.845719, 2.288576, 3.994610, 5.437466, 6.542755, 6.023616, 
1.900000, -0.000000, 0.841613, 2.286916, 3.996269, 5.441572, 6.550391, 6.015980, 
1.910000, -0.000000, 0.837472, 2.285255, 3.997930, 5.445713, 6.558114, 6.008256, 
1.920000, -0.000000, 0.833306, 2.283592, 3.999594, 5.449879, 6.565911, 6.000460, 
1.930000, -0.000000, 0.829121, 2.281921, 4.001264, 5.454064, 6.573750, 5.992621, 
1.940000, -0.000000, 0.824897, 2.280253, 4.002932, 5.458289, 6.581710, 5.984660, 
1.950000, -0.000000, 0.820655, 2.278576, 4.004609, 5.462530, 6.589689, 5.976682, 
1.960000, -0.000000, 0.816372, 2.276899, 4.006286, 5.466814, 6.597807, 5.968564, 
1.970000, -0.000000, 0.812066, 2.275217, 4.007968, 5.471119, 6.605960, 5.960411, 
1.980000, -0.000000, 0.807725, 2.273531, 4.009655, 5.475460, 6.614210, 5.952161, 
1.990000, -0.000000, 0.803345, 2.271842, 4.011344, 5.479840, 6.622572, 5.943798, 
2.000000, -0.000000, 0.798932, 2.270147, 4.013038, 5.484253, 6.631014, 5.935357, 
2.010000, -0.000000, 0.794490, 2.268447, 4.014738, 5.488695, 6.639513, 5.926857, 
2.020000, -0.000000, 0.790000, 2.266743, 4.016442, 5.493186, 6.648151, 5.918219, 
2.030000, -0.000000, 0.785476, 2.265033, 4.018152, 5.497709, 6.656861, 5.909509, 
2.040000, -0.000000, 0.780911, 2.263317, 4.019868, 5.502274, 6.665672, 5.900699, 
2.050000, -0.000000, 0.776304, 2.261596, 4.021590, 5.506881, 6.674587, 5.891784, 
2.060000, -0.000000, 0.771644, 2.259868, 4.023317, 5.511541, 6.683640, 5.882731, 
2.070000, -0.000000, 0.766946, 2.258133, 4.025052, 5.516239, 6.692771, 5.873600, 
2.080000, -0.000000, 0.762199, 2.256391, 4.026794, 5.520986, 6.702021, 5.864350, 
2.090000, -0.000000, 0.757401, 2.254642, 4.028544, 5.525784, 6.711390, 5.854980, 
2.100000, -0.000000, 0.752551, 2.252884, 4.030302, 5.530635, 6.720884, 5.845486, 
2.110000, -0.000000, 0.747636, 2.251118, 4.032067, 5.535550, 6.730539, 5.835832, 
2.120000, -0.000000, 0.742674, 2.249343, 4.033843, 5.540511, 6.740286, 5.826085, 
2.130000, -0.000000, 0.737649, 2.247558, 4.035627, 5.545536, 6.750185, 5.816185, 
2.140000, -0.000000, 0.732560, 2.245763, 4.037422, 5.550625, 6.760229, 5.806142, 
2.150000, -0.000000, 0.727404, 2.243957, 4.039228, 5.555781, 6.770425, 5.795945, 
2.160000, -0.000000, 0.722178, 2.242140, 4.041046, 5.561007, 6.780781, 5.785589, 
2.170000, -0.000000, 0.716878, 2.240310, 4.042875, 5.566307, 6.791304, 5.775066, 
2.180000, -0.000000, 0.711502, 2.238467, 4.044718, 5.571684, 6.801997, 5.764373, 
2.190000, -0.000000, 0.706040, 2.236610, 4.046575, 5.577145, 6.812882, 5.753489, 
2.200000, -0.000000, 0.700492, 2.234739, 4.048447, 5.582694, 6.823960, 5.742411, 
2.210000, -0.000000, 0.694851, 2.232851, 4.050334, 5.588335, 6.835243, 5.731128, 
2.220000, -0.000000, 0.689124, 2.230946, 4.052239, 5.594061, 6.846704, 5.719666, 
2.230000, -0.000000, 0.683280, 2.229023, 4.054162, 5.599906, 6.858437, 5.707934, 
2.240000, -0.000000, 0.677326, 2.227080, 4.056105, 5.605859, 6.870406, 5.695965, 
2.250000, -0.000000, 0.671257, 2.225116, 4.058070, 5.611928, 6.882624, 5.683747, 
2.260000, -0.000000, 0.665072, 2.223128, 4.060057, 5.618113, 6.895089, 5.671281, 
2.270000, -0.000000, 0.658741, 2.221116, 4.062069, 5.624444, 6.907875, 5.658495, 
2.280000, 0.000000, 0.652258, 2.219077, 4.064109, 5.630927, 6.920995, 5.645376, 
2.290000, -0.000000, 0.645621, 2.217008, 4.066177, 5.637564, 6.934444, 5.631927, 
2.300000, -0.000000, 0.638819, 2.214907, 4.068278, 5.644367, 6.948245, 5.618126, 
2.310000, -0.000000, 0.631826, 2.212770, 4.070415, 5.651359, 6.962455, 5.603915, 
2.320000, -0.000000, 0.624629, 2.210595, 4.072590, 5.658556, 6.977102, 5.589268, 
2.330000, -0.000000, 0.617205, 2.208376, 4.074809, 5.665980, 6.992236, 5.574135, 
2.340000, 0.000000, 0.609530, 2.206108, 4.077077, 5.673655, 7.007906, 5.558465, 
2.350000, -0.000000, 0.601573, 2.203787, 4.079399, 5.681612, 7.024176, 5.542195, 
2.360000, 0.000000, 0.593295, 2.201402, 4.081783, 5.689890, 7.041131, 5.525240, 
2.370000, 0.000000, 0.584681, 2.198950, 4.084235, 5.698505, 7.058793, 5.507577, 
2.380000, 0.000000, 0.575629, 2.196413, 4.086772, 5.707557, 7.077393, 5.488978, 
2.390000, 0.000000, 0.566099, 2.193782, 4.089403, 5.717086, 7.097004, 5.469367, 
2.400000, -0.000000, 0.555997, 2.191036, 4.092149, 5.727188, 7.117829, 5.448542, 
2.410000, 0.000000, 0.545197, 2.188151, 4.095034, 5.737988, 7.140131, 5.426240, 
2.420000, 0.000000, 0.533501, 2.185088, 4.098098, 5.749685, 7.164339, 5.402032, 
2.430000, -0.000000, 0.520683, 2.181798, 4.101387, 5.762503, 7.190919, 5.375452, 
2.440000, 0.000000, 0.506247, 2.178185, 4.105000, 5.776939, 7.220933, 5.345438, 
2.450000, 0.000000, 0.489407, 2.174089, 4.109097, 5.793778, 7.256042, 5.310328, 
2.460000, -0.000000, 0.469818, 2.169383, 4.113803, 5.813368, 7.296851, 5.269520, 
2.470000, -0.000000, 0.437375, 2.162152, 4.121034, 5.845811, 7.365099, 5.201272, 
2.480000, -0.000000, 0.000494, 1.957002, 4.326183, 6.282691, 8.238765, 4.327606, 
2.490000, 0.000000, -0.000115, 1.953997, 4.329188, 6.283300, 8.237513, 4.328858, 
2.500000, 0.000000, 0.000032, 1.952308, 4.330877, 6.283154, 8.235402, 4.330968, 
2.510000, 0.000000, -0.000009, 1.950356, 4.332829, 6.283195, 8.233568, 4.332802, 
2.520000, 0.000000, 0.000003, 1.948538, 4.334648, 6.283183, 8.231715, 4.334656, 
2.530000, 0.000000, -0.000001, 1.946725, 4.336460, 6.283186, 8.229913, 4.336457, 
2.540000, 0.000000, 0.000000, 1.944954, 4.338232, 6.283185, 8.228138, 4.338232, 
2.550000, 0.000000, -0.000000, 1.943192, 4.339993, 6.283185, 8.226378, 4.339993, 
2.560000, 0.000000, 0.000000, 1.941485, 4.341700, 6.283185, 8.224670, 4.341700, 
2.570000, 0.000000, -0.000000, 1.939804, 4.343381, 6.283185, 8.222989, 4.343381, 
2.580000, 0.000000, 0.000000, 1.938134, 4.345051, 6.283185, 8.221320, 4.345051, 
2.590000, 0.000000, -0.000000, 1.936515, 4.346671, 6.283185, 8.219700, 4.346671, 
2.600000, -0.000000, 0.000000, 1.934920, 4.348265, 6.283185, 8.218105, 4.348265, 
2.610000, -0.000000, -0.000000, 1.933353, 4.349833, 6.283185, 8.216538, 4.349833, 
2.620000, -0.000000, 0.000000, 1.931794, 4.351391, 6.283185, 8.214979, 4.351391, 
2.630000, -0.000000, -0.000000, 1.930278, 4.352907, 6.283185, 8.213464, 4.352907, 
2.640000, -0.000000, 0.000000, 1.928790, 4.354396, 6.283185, 8.211975, 4.354396, 
2.650000, -0.000000, -0.000000, 1.927326, 4.355859, 6.283185, 8.210511, 4.355859, 
2.660000, -0.000000, 0.000000, 1.925887, 4.357298, 6.283185, 8.209072, 4.357298, 
2.670000, -0.000000, -0.000000, 1.924472, 4.358714, 6.283185, 8.207657, 4.358714, 
2.680000, -0.000000, 0.000000, 1.923061, 4.360124, 6.283185, 8.206247, 4.360124, 
2.690000, -0.000000, -0.000000, 1.921691, 4.361494, 6.283185, 8.204876, 4.361494, 
2.700000, -0.000000, 0.000000, 1.920345, 4.362840, 6.283185, 8.203530, 4.362840, 
2.710000, -0.000000, -0.000000, 1.919016, 4.364169, 6.283185, 8.202202, 4.364169, 
2.720000, -0.000000, 0.000000, 1.917693, 4.365492, 6.283185, 8.200879, 4.365492, 
2.730000, -0.000000, 0.000000, 1.916411, 4.366774, 6.283185, 8.199597, 4.366774, 
2.740000, -0.000000, 0.000000, 1.915146, 4.368039, 6.283185, 8.198331, 4.368039, 
2.750000, -0.000000, 0.000000, 1.913901, 4.369284, 6.283185, 8.197086, 4.369284, 
2.760000, -0.000000, 0.000000, 1.912675, 4.370510, 6.283185, 8.195860, 4.370510, 
2.770000, -0.000000, 0.000000, 1.911468, 4.371718, 6.283185, 8.194653, 4.371718, 
2.780000, -0.000000, 0.000000, 1.910262, 4.372923, 6.283185, 8.193448, 4.372923, 
2.790000, -0.000000, 0.000000, 1.909094, 4.374091, 6.283185, 8.192280, 4.374091, 
2.800000, -0.000000, 0.000000, 1.907941, 4.375244, 6.283185, 8.191127, 4.375244, 
2.810000, -0.000000, 0.000000, 1.906806, 4.376380, 6.283185, 8.189991, 4.376380, 
2.820000, -0.000000, 0.000000, 1.905687, 4.377499, 6.283185, 8.188872, 4.377499, 
2.830000, -0.000000, 0.000000, 1.904584, 4.378601, 6.283185, 8.187770, 4.378601, 
2.840000, -0.000000, 0.000000, 1.903498, 4.379687, 6.283185, 8.186683, 4.379687, 
2.850000, -0.000000, 0.000000, 1.902427, 4.380758, 6.283185, 8.185613, 4.380758, 
2.860000, -0.000000, 0.000000, 1.901373, 4.381812, 6.283185, 8.184559, 4.381812, 
2.870000, -0.000000, 0.000000, 1.900319, 4.382866, 6.283185, 8.183505, 4.382866, 
2.880000, -0.000000, 0.000000, 1.899297, 4.383888, 6.283185, 8.182483, 4.383888, 
2.890000, -0.000000, 0.000000, 1.898288, 4.384897, 6.283185, 8.181474, 4.384897, 
2.900000, -0.000000, 0.000000, 1.897294, 4.385892, 6.283185, 8.180479, 4.385892, 
2.910000, -0.000000, 0.000000, 1.896313, 4.386873, 6.283185, 8.179498, 4.386873, 
2.920000, -0.000000, 0.000000, 1.895346, 4.387840, 6.283185, 8.178531, 4.387840, 
2.930000, -0.000000, 0.000000, 1.894392, 4.388793, 6.283185, 8.177577, 4.388793, 
2.940000, -0.000000, 0.000000, 1.893436, 4.389749, 6.283185, 8.176622, 4.389749, 
2.950000, -0.000000, 0.000000, 1.892509, 4.390676, 6.283185, 8.175694, 4.390676, 
2.960000, -0.000000, 0.000000, 1.891595, 4.391591, 6.283185, 8.174780, 4.391591, 
2.970000, -0.000000, 0.000000, 1.890692, 4.392493, 6.283185, 8.173877, 4.392493, 
2.980000, -0.000000, 0.000000, 1.889802, 4.393383, 6.283185, 8.172987, 4.393383, 
2.990000, -0.000000, 0.000000, 1.888924, 4.394262, 6.283185, 8.172109, 4.394262, 
3.000000, -0.000000, 0.000000, 1.888057, 4.395128, 6.283185, 8.171242, 4.395128, 
3.010000, -0.000000, 0.000000, 1.887202, 4.395984, 6.283185, 8.170387, 4.395984, 
3.020000, -0.000000, 0.000000, 1.886357, 4.396828, 6.283185, 8.169543, 4.396828, 
3.030000, -0.000000, 0.000000, 1.885524, 4.397661, 6.283185, 8.168710, 4.397661, 
3.040000, -0.000000, 0.000000, 1.884702, 4.398484, 6.283185, 8.167887, 4.398484, 
3.050000, -0.000000, 0.000000, 1.883890, 4.399295, 6.283185, 8.167075, 4.399295, 
3.060000, -0.000000, 0.000000, 1.883088, 4.400097, 6.283185, 8.166274, 4.400097, 
3.070000, -0.000000, 0.000000, 1.882297, 4.400888, 6.283185, 8.165482, 4.400888, 
3.080000, -0.000000, 0.000000, 1.881516, 4.401670, 6.283185, 8.164701, 4.401670, 
3.090000, -0.000000, 0.000000, 1.880744, 4.402441, 6.283185, 8.163929, 4.402441, 
3.100000, -0.000000, 0.000000, 1.879982, 4.403203, 6.283185, 8.163167, 4.403203, 
3.110000, -0.000000, 0.000000, 1.879229, 4.403956, 6.283185, 8.162415, 4.403956, 
3.120000, -0.000000, 0.000000, 1.878486, 4.404699, 6.283185, 8.161671, 4.404699, 
3.130000, -0.000000, 0.000000, 1.877752, 4.405433, 6.283185, 8.160937, 4.405433, 
3.140000, -0.000000, 0.000000, 1.877027, 4.406159, 6.283185, 8.160212, 4.406159, 
3.150000, -0.000000, 0.000000, 1.876310, 4.406875, 6.283185, 8.159495, 4.406875, 
3.160000, -0.000000, 0.000000, 1.875602, 4.407583, 6.283185, 8.158788, 4.407583, 
3.170000, -0.000000, 0.000000, 1.874903, 4.408282, 6.283185, 8.158088, 4.408282, 
3.180000, -0.000000, 0.000000, 1.874212, 4.408973, 6.283185, 8.157397, 4.408973, 
3.190000, -0.000000, 0.000000, 1.873529, 4.409656, 6.283185, 8.156714, 4.409656, 
3.200000, -0.000000, 0.000000, 1.872854, 4.410331, 6.283185, 8.156039, 4.410331, 
3.210000, -0.000000, 0.000000, 1.872187, 4.410998, 6.283185, 8.155372, 4.410998, 
3.220000, -0.000000, 0.000000, 1.871528, 4.411657, 6.283185, 8.154713, 4.411657, 
3.230000, -0.000000, 0.000000, 1.870876, 4.412309, 6.283185, 8.154062, 4.412309, 
3.240000, -0.000000, 0.000000, 1.870232, 4.412953, 6.283185, 8.153418, 4.412953, 
3.250000, -0.000000, 0.000000, 1.869596, 4.413590, 6.283185, 8.152781, 4.413590, 
3.260000, -0.000000, 0.000000, 1.868966, 4.414219, 6.283185, 8.152152, 4.414219, 
3.270000, -0.000000, 0.000000, 1.868344, 4.414841, 6.283185, 8.151529, 4.414841, 
3.280000, -0.000000, 0.000000, 1.867729, 4.415457, 6.283185, 8.150914, 4.415457, 
3.290000, -0.000000, 0.000000, 1.867120, 4.416065, 6.283185, 8.150306, 4.416065, 
3.300000, -0.000000, 0.000000, 1.866519, 4.416667, 6.283185, 8.149704, 4.416667, 
3.310000, -0.000000, 0.000000, 1.865924, 4.417262, 6.283185, 8.149109, 4.417262, 
3.320000, -0.000000, 0.000000, 1.865335, 4.417850, 6.283185, 8.148521, 4.417850, 
3.330000, -0.000000, 0.000000, 1.864753, 4.418432, 6.283185, 8.147939, 4.418432, 
3.340000, -0.000000, 0.000000, 1.864178, 4.419008, 6.283185, 8.147363, 4.419008, 
3.350000, -0.000000, 0.000000, 1.863608, 4.419577, 6.283185, 8.146794, 4.419577, 
3.360000, -0.000000, 0.000000, 1.863045, 4.420140, 6.283185, 8.146230, 4.420140, 
3.370000, -0.000000, 0.000000, 1.862488, 4.420697, 6.283185, 8.145673, 4.420697, 
3.380000, -0.000000, 0.000000, 1.861937, 4.421249, 6.283185, 8.145122, 4.421249, 
3.390000, -0.000000, 0.000000, 1.861391, 4.421794, 6.283185, 8.144577, 4.421794, 
3.400000, -0.000000, 0.000000, 1.860852, 4.422333, 6.283185, 8.144037, 4.422333, 
3.410000, 0.000000, 0.000000, 1.860317, 4.422868, 6.283185, 8.143503, 4.422868, 
3.420000, 0.000000, 0.000000, 1.859824, 4.423361, 6.283185, 8.143009, 4.423361, 
3.430000, -0.000000, 0.000000, 1.859271, 4.423914, 6.283185, 8.142456, 4.423914, 
3.440000, -0.000000, 0.000000, 1.858751, 4.424434, 6.283185, 8.141937, 4.424434, 
3.450000, -0.000000, 0.000000, 1.858239, 4.424946, 6.283185, 8.141424, 4.424946, 
3.460000, 0.000000, 0.000000, 1.857732, 4.425453, 6.283185, 8.140918, 4.425453, 
3.470000, -0.000000, 0.000000, 1.857231, 4.425955, 6.283185, 8.140416, 4.425955, 
3.480000, -0.000000, 0.000000, 1.856734, 4.426451, 6.283185, 8.139919, 4.426451, 
3.490000, -0.000000, 0.000000, 1.856243, 4.426943, 6.283185, 8.139428, 4.426943, 
3.500000, -0.000000, 0.000000, 1.855756, 4.427429, 6.283185, 8.138942, 4.427429, 
3.510000, -0.000000, 0.000000, 1.855275, 4.427911, 6.283185, 8.138460, 4.427911, 
3.520000, -0.000000, 0.000000, 1.854798, 4.428388, 6.283185, 8.137983, 4.428388, 
3.530000, -0.000000, 0.000000, 1.854326, 4.428860, 6.283185, 8.137511, 4.428860, 
3.540000, -0.000000, 0.000000, 1.853858, 4.429327, 6.283185, 8.137044, 4.429327, 
3.550000, -0.000000, 0.000000, 1.853396, 4.429790, 6.283185, 8.136581, 4.429790, 
3.560000, -0.000000, 0.000000, 1.852937, 4.430248, 6.283185, 8.136123, 4.430248, 
3.570000, -0.000000, 0.000000, 1.852484, 4.430702, 6.283185, 8.135669, 4.430702, 
3.580000, -0.000000, 0.000000, 1.852034, 4.431151, 6.283185, 8.135220, 4.431151, 
3.590000, -0.000000, 0.000000, 1.851589, 4.431596, 6.283185, 8.134775, 4.431596, 
3.600000, -0.000000, 0.000000, 1.851149, 4.432037, 6.283185, 8.134334, 4.432037, 
3.610000, -0.000000, 0.000000, 1.850712, 4.432473, 6.283185, 8.133897, 4.432473, 
3.620000, -0.000000, 0.000000, 1.850297, 4.432889, 6.283185, 8.133482, 4.432889, 
3.630000, 0.000000, -0.000000, 1.849848, 4.433338, 6.283185, 8.133033, 4.433338, 
3.640000, -0.000000, 0.000000, 1.849447, 4.433739, 6.283185, 8.132632, 4.433739, 
3.650000, -0.000000, 0.000000, 1.849004, 4.434182, 6.283185, 8.132189, 4.434182, 
3.660000, -0.000000, 0.000000, 1.848610, 4.434575, 6.283185, 8.131796, 4.434575, 
3.670000, 0.000000, 0.000000, 1.848175, 4.435010, 6.283185, 8.131360, 4.435010, 
3.680000, -0.000000, 0.000000, 1.847789, 4.435396, 6.283185, 8.130975, 4.435396, 
3.690000, -0.000000, 0.000000, 1.847362, 4.435824, 6.283185, 8.130547, 4.435824, 
3.700000, 0.000000, -0.000000, 1.846983, 4.436202, 6.283185, 8.130169, 4.436202, 
3.710000, -0.000000, 0.000000, 1.846563, 4.436622, 6.283185, 8.129749, 4.436622, 
3.720000, -0.000000, 0.000000, 1.846192, 4.436993, 6.283185, 8.129377, 4.436993, 
3.730000, 0.000000, -0.000000, 1.845785, 4.437401, 6.283185, 8.128970, 4.437401, 
3.740000, -0.000000, 0.000000, 1.845404, 4.437781, 6.283185, 8.128589, 4.437781, 
3.750000, 0.000000, 0.000000, 1.845024, 4.438161, 6.283185, 8.128210, 4.438161, 
3.760000, -0.000000, 0.000000, 1.844649, 4.438536, 6.283185, 8.127835, 4.438536, 
3.770000, -0.000000, 0.000000, 1.844278, 4.438908, 6.283185, 8.127463, 4.438908, 
3.780000, -0.000000, 0.000000, 1.843889, 4.439297, 6.283185, 8.127074, 4.439297, 
3.790000, -0.000000, 0.000000, 1.843527, 4.439658, 6.283185, 8.126713, 4.439658, 
3.800000, -0.000000, 0.000000, 1.843151, 4.440034, 6.283185, 8.126337, 4.440034, 
3.810000, -0.000000, 0.000000, 1.842786, 4.440399, 6.283185, 8.125971, 4.440399, 
3.820000, -0.000000, 0.000000, 1.842426, 4.440759, 6.283185, 8.125611, 4.440759, 
3.830000, -0.000000, 0.000000, 1.842069, 4.441116, 6.283185, 8.125254, 4.441116, 
3.840000, -0.000000, 0.000000, 1.841715, 4.441470, 6.283185, 8.124901, 4.441470, 
3.850000, -0.000000, 0.000000, 1.841365, 4.441820, 6.283185, 8.124550, 4.441820, 
3.860000, -0.000000, 0.000000, 1.841017, 4.442168, 6.283185, 8.124202, 4.442168, 
3.870000, -0.000000, 0.000000, 1.840672, 4.442513, 6.283185, 8.123858, 4.442513, 
3.880000, 0.000000, 0.000000, 1.840330, 4.442855, 6.283185, 8.123516, 4.442855, 
3.890000, -0.000000, 0.000000, 1.839992, 4.443194, 6.283185, 8.123177, 4.443194, 
3.900000, -0.000000, 0.000000, 1.839656, 4.443530, 6.283185, 8.122841, 4.443530, 
3.910000, 0.000000, 0.000000, 1.839322, 4.443863, 6.283185, 8.122508, 4.443863, 
3.920000, -0.000000, 0.000000, 1.838992, 4.444193, 6.283185, 8.122177, 4.444193, 
3.930000, -0.000000, 0.000000, 1.838664, 4.444521, 6.283185, 8.121850, 4.444521, 
3.940000, -0.000000, 0.000000, 1.838339, 4.444846, 6.283185, 8.121525, 4.444846, 
3.950000, -0.000000, 0.000000, 1.838009, 4.445177, 6.283185, 8.121194, 4.445177, 
3.960000, -0.000000, 0.000000, 1.837696, 4.445490, 6.283185, 8.120881, 4.445490, 
3.970000, 0.000000, 0.000000, 1.837372, 4.445814, 6.283185, 8.120557, 4.445814, 
3.980000, -0.000000, 0.000000, 1.837064, 4.446121, 6.283185, 8.120249, 4.446121, 
3.990000, -0.000000, 0.000000, 1.836746, 4.446440, 6.283185, 8.119931, 4.446440, 
4.000000, -0.000000, 0.000000, 1.836443, 4.446742, 6.283185, 8.119628, 4.446742, 
